  0.00000058962883016  0.00000081449553483  0.00000100051426241  0.00000118357059723
  0.00000137103786841  0.00000156172103353  0.00000175504751780  0.00000194865407009
  0.00000214133952148  0.00000233920976443  0.00000254702118058  0.00000276706774235
  0.00000299857989360  0.00000324329542009  0.00000349825078727  0.00000377002685685
  0.00000405538057823  0.00000436823137457  0.00000469644052904  0.00000505018118004
  0.00000541754335509  0.00000580759156589  0.00000621417628331  0.00000664281861843
  0.00000709658159884  0.00000757224582046  0.00000808065320607  0.00000861653407150
  0.00000918808828037  0.00000979942433270  0.00001043015804434  0.00001112816309462
  0.00001182504513878  0.00001262498090614  0.00001342817113990  0.00001431087560881
  0.00001522938923280  0.00001621788532005  0.00001727286387434  0.00001839868515736
  0.00001960762091853  0.00002089477773683  0.00002226837308031  0.00002373780532744
  0.00002529316276203  0.00002698782277360  0.00002881658565643  0.00003080060698906
  0.00003293805752207  0.00003521132611477  0.00003761642942780  0.00004021392283443
  0.00004305932671578  0.00004618847352050  0.00004960225252590  0.00005331432175579
  0.00005737306641378  0.00006176933136549  0.00006665389807884  0.00007197815155622
  0.00007799550588120  0.00008441394718905  0.00009195353991874  0.00009988383978404
  0.00010904487769128  0.00011889636604438  0.00012968529308234  0.00014173740339174
  0.00015447742501380  0.00016892089335810  0.00018468904142362  0.00020227291619810
  0.00022248989250719  0.00024372449957488  0.00026786253774778  0.00029353593332147
  0.00032202042184775  0.00035352366588380  0.00038927882079652  0.00042926017911830
  0.00047556321680474  0.00052764950122905  0.00058379509099928  0.00064919234911494
  0.00072628505866117  0.00081350187689286  0.00092432706822633  0.00105030564963995
  0.00122028259633566  0.00138389244250666  0.00157791165326662  0.00181567519014364
  0.00221599063856510  0.00350294836906131  0.00353338044358660  1.00000000000000000
 -0.00235936255542603  0.00982437656497131  0.02026955225358589  0.03108301462036536
  0.04176051058357626  0.05200691288187166  0.06204355464497883  0.07225686842873080
  0.08264126689161229  0.09324222971901211  0.10387638022694570  0.11480391471635873
  0.12573681164089207  0.13665045311150950  0.14735541239560310  0.15804437353069944
  0.16879021670928226  0.17958452573704509  0.19041261910357946  0.20129334200580812
  0.21216468900384600  0.22307289440519351  0.23367324876334250  0.24398866195848937
  0.25425980188012748  0.26463308290971699  0.27514034740214977  0.28568388605732808
  0.29639032916137553  0.30714878326529549  0.31767012803549710  0.32793790765942077
  0.33829782883787246  0.34868234381918806  0.35907366090302328  0.36949092084034513
  0.37998882090907432  0.39020887010546756  0.40007308646352013  0.40981389700255683
  0.41963663674662860  0.42994099236087385  0.44035574894231744  0.45084539821337433
  0.46132572627856266  0.47177769570625844  0.48222247538295870  0.49273446582088154
  0.50336361637721250  0.51395747526682112  0.52441476684837496  0.53460740755339453
  0.54477653118213298  0.55497172879060286  0.56534696844744059  0.57577536433552845
  0.58641313931566030  0.59724821654368832  0.60825791518877537  0.61906973052966818
  0.62981052234671342  0.64050027967432888  0.65134608579253606  0.66213512765792193
  0.67271605807087209  0.68313667082376417  0.69349426930181268  0.70390393102728388
  0.71444618351552314  0.72485935389786771  0.73541097204278716  0.74605860285493542
  0.75681041351762590  0.76764071146806323  0.77828538159059768  0.78890468609222120
  0.79946748011459901  0.81007300116567160  0.82069654254884516  0.83143217460465824
  0.84204977765005429  0.85261867452617157  0.86303324871911702  0.87341233406796026
  0.88392075442821694  0.89442727254950416  0.90471131322225962  0.91505785865788791
  0.92540067590826602  0.93584666179436515  0.94664204146309205  0.95729399340793808
  0.96791824699748719  0.97829856475104182  0.98912828829094690  1.00000000000000000
  0.87360563151326454  0.87423030752788855  0.87498132539505113  0.87608944254841059
  0.87743104208450939  0.87879170060989997  0.88013489246966625  0.88148290363172122
  0.88283349635955999  0.88418729573615740  0.88554328159635254  0.88689746945466208
  0.88826710513424745  0.88963543858029670  0.89099166634484017  0.89233592338118284
  0.89368824676718961  0.89504916262822709  0.89639231607322389  0.89770169762334795
  0.89900256307743287  0.90029805154534615  0.90157106424962863  0.90283874558974253
  0.90411541583881971  0.90542971780019743  0.90673819647531173  0.90804346122111257
  0.90932716190898688  0.91061107896507165  0.91190149965561473  0.91319833644349013
  0.91451704147272106  0.91582771686749898  0.91713807321893814  0.91841012761497953
  0.91969978578504807  0.92099346844902008  0.92230719602795896  0.92361685546897410
  0.92490743387387608  0.92618838557711092  0.92746362868943599  0.92875643645726369
  0.93004917867742964  0.93135037636773088  0.93265451375009301  0.93396768459739199
  0.93528117525942167  0.93659239164217789  0.93790838062577642  0.93922285578266418
  0.94054116766505702  0.94185321476864736  0.94316840743940489  0.94447812210174431
  0.94579151374310599  0.94708771374733358  0.94837326264066857  0.94965780069583428
  0.95094969826174314  0.95223955239706404  0.95352383188456868  0.95479748762438355
  0.95607945921671778  0.95737530750502242  0.95868879481596692  0.96002818544397150
  0.96138353883068151  0.96275432365643210  0.96413409042982257  0.96550328268749896
  0.96685654736249360  0.96820128594768451  0.96954010493896936  0.97087491627711109
  0.97220821664147694  0.97355416977488807  0.97491280046545448  0.97627732799794698
  0.97763495994220551  0.97898442774582684  0.98033387098451563  0.98169588586324963
  0.98307215887001331  0.98447069574215595  0.98589145839078263  0.98733975330869983
  0.98882968765745360  0.99035724893395194  0.99189721017059296  0.99345034734206172
  0.99503735598441967  0.99668091116027280  0.99832019752765522  1.00000000000000000
 -0.00220013071115225  0.00934089915134568  0.01893126979508542  0.02864587918760618
  0.03808894180196226  0.04723984107670948  0.05618405068235775  0.06495799134019757
  0.07349427311978189  0.08189205199565398  0.09007407474046006  0.09820133688927218
  0.10622793621275038  0.11413911450670225  0.12196067652257236  0.12967153509487739
  0.13730681119813262  0.14485800872582730  0.15227878987765375  0.15961025455903838
  0.16689758137658053  0.17410575381613674  0.18121804244950837  0.18825022939327818
  0.19522925513860043  0.20211123246015117  0.20875256907273379  0.21529979370211152
  0.22192429828907384  0.22859650810637386  0.23563992730452823  0.24254613824199553
  0.24951977137543721  0.25653651738652150  0.26361052798185686  0.27072747954210402
  0.27786519234678630  0.28503576729817443  0.29216938145316629  0.29924865986578930
  0.30630979324875035  0.31337717967629031  0.32049137317533116  0.32767700802783933
  0.33486287986795421  0.34204612717527511  0.34920409726656670  0.35632273202898107
  0.36341453406592567  0.37050515515226773  0.37761944896038258  0.38479124553037092
  0.39200017335934184  0.39926553011167354  0.40660920375406556  0.41402258370221556
  0.42151069258069018  0.42901666125638227  0.43658553756475244  0.44430848450052229
  0.45216817473738036  0.46011829576558833  0.46812696404352916  0.47621859399932059
  0.48445944499982285  0.49280469015436151  0.50118647295716823  0.50963074493238658
  0.51819739280575949  0.52691546315926818  0.53574231421179830  0.54461667178903339
  0.55370499613190471  0.56298512416707736  0.57248652161988078  0.58213890691296599
  0.59199764739487470  0.60207721427557170  0.61234814225181255  0.62286098727587758
  0.63374826776506077  0.64510655777895631  0.65686121794753416  0.66896666553285355
  0.68146226020873701  0.69449891800858554  0.70825096330328174  0.72283757307505925
  0.73860221288795425  0.75579927447671991  0.77491930046684820  0.79657773564613488
  0.82124643649286733  0.85064241010123487  0.89352564596968864  1.00000000000000000
   1.3032528131121642E-003  -1.0000000000000000     
 F F F F F F F F F F F F F F F F
  <DiscreteSampler_grid>
  grouped_processes
  1 # 1 for a reference and 2 for a running grid.
  10 # Attribute 'min_bin_probing_points' of the grid.
  1 # Attribute 'grid_mode' of the grid. 1=='default',2=='initialization'
  0.0000000000000000 # Attribute 'small_contrib_threshold' of the grid.
  0.5000000000000000 # Attribute 'damping_power' of the grid.
 # binID   n_entries weight   weight_sqr   abs_weight
    10   10   1.346472602314003E+008   6.680556763010104E+016   1.346472602314003E+008
    16   10   1.346472602314003E+008   6.680556763010099E+016   1.346472602314003E+008
  </DiscreteSampler_grid>
