0.51926E+02 0.26742E-02 0.00000E+01 41591140 0 0 2153495 0.41473E+05 0.00000E+01 0.51926E+02 0.00000E+01 0.00000E+01 0
1 51.776 0.084085 0.3248 86.97 51.776
2 51.891 0.052792 0.28775 96.599 51.891
3 51.899 0.035118 0.27066 117.69 51.899
4 51.789 0.083268 0.32157 149.39 51.789
5 51.991 0.051476 0.28004 117.56 51.991
6 51.946 0.03484 0.26828 113.42 51.946
7 51.807 0.08452 0.32629 118.12 51.807
8 51.986 0.053293 0.28995 248.17 51.986
9 51.873 0.035663 0.275 183.95 51.873
10 51.91 0.084134 0.32416 293.15 51.91
11 51.866 0.052807 0.28798 155.78 51.866
12 51.86 0.035318 0.27241 300.34 51.86
13 51.833 0.083874 0.32363 244.77 51.833
14 51.96 0.052829 0.28757 275.03 51.96
15 51.976 0.035086 0.27001 319.75 51.976
16 51.872 0.082647 0.31866 148.29 51.872
17 51.952 0.052402 0.28529 245.08 51.952
18 51.999 0.040766 0.31359 3348.5 51.999
19 51.81 0.084145 0.32482 180.0 51.81
20 51.943 0.052347 0.28504 126.54 51.943
21 51.915 0.035447 0.27311 470.09 51.915
22 51.986 0.082447 0.31719 159.11 51.986
23 51.98 0.052597 0.2862 186.73 51.98
24 51.952 0.034874 0.26851 402.15 51.952
25 51.828 0.084542 0.32624 178.47 51.828
26 51.907 0.065069 0.35456 2589.8 51.907
27 51.933 0.036482 0.281 1485.3 51.933
28 52.298 0.32687 1.25 12697.0 52.298
29 51.922 0.052818 0.28772 135.04 51.922
30 51.876 0.035486 0.27362 123.87 51.876
31 51.901 0.08333 0.32111 101.17 51.901
32 51.934 0.052713 0.28709 471.32 51.934
33 51.993 0.035584 0.27376 697.34 51.993
34 52.002 0.082596 0.31767 192.46 52.002
35 52.01 0.052682 0.2865 560.86 52.01
36 51.868 0.035921 0.27702 821.16 51.868
37 51.95 0.082831 0.31889 166.75 51.95
38 51.922 0.073691 0.40143 4055.1 51.922
39 51.864 0.035542 0.27411 281.76 51.864
40 51.73 0.085848 0.33191 236.2 51.73
41 51.961 0.052952 0.28823 154.57 51.961
42 51.898 0.035809 0.27599 395.99 51.898
43 51.933 0.083015 0.3197 125.47 51.933
44 51.89 0.052234 0.28472 108.53 51.89
45 51.894 0.034943 0.26934 182.55 51.894
46 51.933 0.090187 0.34732 1235.7 51.933
47 51.993 0.053701 0.29213 663.69 51.993
48 51.935 0.037475 0.28863 1201.2 51.935
49 51.934 0.084365 0.32489 101.81 51.934
50 51.88 0.053472 0.29152 117.67 51.88
51 51.95 0.035318 0.27194 159.35 51.95
52 51.95 0.084079 0.32369 111.36 51.95
53 51.942 0.053361 0.29057 477.9 51.942
54 51.921 0.035778 0.27564 254.31 51.921
55 51.817 0.083201 0.32113 102.35 51.817
56 51.868 0.052334 0.28538 114.13 51.868
57 51.902 0.034831 0.26844 119.37 51.902
58 51.964 0.083239 0.32037 443.74 51.964
59 51.907 0.05282 0.28782 292.24 51.907
60 51.9 0.035272 0.27185 186.42 51.9
61 51.903 0.082769 0.31894 106.12 51.903
62 51.909 0.052369 0.28535 226.01 51.909
63 51.928 0.034909 0.2689 247.08 51.928
64 51.959 0.082799 0.31871 85.048 51.959
65 52.013 0.063103 0.34315 2692.3 52.013
66 51.899 0.036009 0.27753 916.63 51.899
67 51.908 0.083286 0.3209 192.36 51.908
68 51.947 0.053017 0.28867 234.02 51.947
69 51.939 0.035371 0.2724 196.62 51.939
70 51.882 0.084716 0.32658 99.419 51.882
71 51.986 0.054377 0.29585 553.56 51.986
72 51.905 0.036005 0.27747 341.41 51.905
73 51.795 0.083663 0.32305 315.07 51.795
74 51.941 0.052159 0.28403 278.61 51.941
75 51.96 0.034714 0.26724 353.62 51.96
76 52.036 0.087316 0.3356 1059.5 52.036
77 51.992 0.052109 0.28348 187.25 51.992
78 51.941 0.035233 0.27133 558.77 51.941
79 51.979 0.083097 0.31973 91.002 51.979
80 51.933 0.060218 0.32797 2429.4 51.933
81 51.967 0.049429 0.38047 3502.6 51.967
82 51.99 0.082274 0.3165 151.94 51.99
83 51.921 0.053332 0.29052 529.02 51.921
84 51.914 0.0352 0.27122 200.15 51.914
85 51.998 0.082757 0.3183 123.18 51.998
86 51.876 0.052362 0.28549 104.91 51.876
87 51.925 0.035183 0.27103 125.89 51.925
88 51.908 0.081779 0.31509 101.71 51.908
89 51.932 0.069196 0.37687 3714.2 51.932
90 51.915 0.034845 0.26848 596.94 51.915
91 51.949 0.084257 0.32438 94.003 51.949
92 51.934 0.053068 0.28902 533.5 51.934
93 51.953 0.035146 0.2706 279.09 51.953
94 51.872 0.082543 0.31826 114.6 51.872
95 51.92 0.053205 0.28984 522.57 51.92
96 51.894 0.035487 0.27354 361.64 51.894
97 51.873 0.083861 0.32333 114.27 51.873
98 51.919 0.053159 0.2896 132.0 51.919
99 51.907 0.036812 0.28368 1587.2 51.907
100 51.936 0.082523 0.31778 158.95 51.936
101 51.963 0.052156 0.28389 266.06 51.963
102 51.981 0.042966 0.33062 3986.7 51.981
103 51.913 0.083517 0.32176 218.94 51.913
104 51.913 0.056287 0.30667 1475.4 51.913
105 51.893 0.035537 0.27392 397.01 51.893
106 51.81 0.082928 0.32013 270.5 51.81
107 51.906 0.053412 0.29105 446.82 51.906
108 51.922 0.035894 0.27652 992.24 51.922
109 51.993 0.081728 0.31438 339.19 51.993
110 51.942 0.052853 0.2878 716.7 51.942
111 51.891 0.03538 0.27273 558.44 51.891
112 51.867 0.082657 0.31873 124.4 51.867
113 51.999 0.052033 0.28303 232.52 51.999
114 51.899 0.035057 0.2702 248.78 51.899
115 51.972 0.081924 0.31526 108.66 51.972
116 51.975 0.0531 0.28897 617.9 51.975
117 51.861 0.035356 0.2727 391.8 51.861
118 51.893 0.08478 0.32675 159.09 51.893
119 51.916 0.053445 0.29117 367.6 51.916
120 51.924 0.03597 0.2771 496.95 51.924
121 51.893 0.083267 0.32092 90.87 51.893
122 51.887 0.053191 0.28995 380.32 51.887
123 51.916 0.03575 0.27545 771.96 51.916
124 52.037 0.084311 0.32404 614.51 52.037
125 51.979 0.052753 0.28705 462.05 51.979
126 51.972 0.035558 0.27367 758.34 51.972
127 51.95 0.083519 0.32154 112.31 51.95
128 51.873 0.053493 0.29168 493.43 51.873
129 51.908 0.035127 0.27068 110.26 51.908
130 51.895 0.082741 0.31888 234.32 51.895
131 51.97 0.056555 0.30779 1717.1 51.97
132 51.948 0.036158 0.27842 954.58 51.948
133 51.88 0.085051 0.32788 488.75 51.88
134 51.934 0.052878 0.28798 179.04 51.934
135 51.883 0.035505 0.27373 391.24 51.883
136 51.797 0.085687 0.33085 284.82 51.797
137 51.845 0.053379 0.29121 142.82 51.845
138 51.927 0.035311 0.272 194.29 51.927
139 52.005 0.083091 0.31955 96.742 52.005
140 51.847 0.053909 0.29409 504.36 51.847
141 52.0 0.035701 0.27462 772.55 52.0
142 51.79 0.084021 0.32447 433.85 51.79
143 51.929 0.052706 0.28707 203.0 51.929
144 51.921 0.034885 0.26876 144.91 51.921
145 51.886 0.083327 0.32119 97.098 51.886
146 51.918 0.0525 0.28602 135.84 51.918
147 51.921 0.034767 0.26784 126.63 51.921
148 51.96 0.083112 0.3199 86.281 51.96
149 51.907 0.052666 0.28698 180.37 51.907
150 51.923 0.034904 0.26889 154.95 51.923
151 51.99 0.085764 0.32992 625.83 51.99
152 51.932 0.054146 0.2949 225.2 51.932
153 51.937 0.035641 0.27449 257.57 51.937
154 52.078 0.084026 0.32269 698.03 52.078
155 51.892 0.054119 0.29498 894.34 51.892
156 51.913 0.038831 0.2992 2034.7 51.913
157 52.052 0.13874 0.53309 4485.6 52.052
158 51.963 0.058059 0.31602 1629.6 51.963
159 51.946 0.035292 0.27176 394.49 51.946
160 51.941 0.084406 0.32501 162.17 51.941
161 52.01 0.053065 0.28858 201.53 52.01
162 51.909 0.035711 0.27518 291.96 51.909
163 52.048 0.081201 0.31202 87.017 52.048
164 51.944 0.051505 0.28045 130.98 51.944
165 51.945 0.037224 0.28664 2150.9 51.945
166 51.912 0.091794 0.35365 1399.6 51.912
167 51.901 0.053305 0.29049 310.29 51.901
168 51.966 0.035137 0.27046 262.37 51.966
169 51.99 0.08269 0.3181 215.92 51.99
170 51.945 0.053363 0.29056 298.4 51.945
171 51.942 0.035677 0.27474 321.61 51.942
172 51.902 0.08268 0.3186 113.22 51.902
173 51.918 0.052345 0.28517 146.53 51.918
174 51.904 0.035334 0.2723 153.26 51.904
175 51.978 0.084413 0.3248 442.72 51.978
176 51.997 0.052893 0.28771 404.36 51.997
177 51.922 0.035721 0.27519 301.06 51.922
178 52.009 0.16011 0.61572 5547.6 52.009
179 51.935 0.052003 0.28321 327.65 51.935
180 51.875 0.03554 0.27404 1066.1 51.875
181 51.83 0.082762 0.31936 86.116 51.83
182 51.806 0.052937 0.28902 106.02 51.806
183 51.909 0.035191 0.27117 127.56 51.909
184 51.848 0.08483 0.32722 89.542 51.848
185 51.945 0.055729 0.30345 1222.8 51.945
186 51.956 0.035286 0.27166 357.55 51.956
187 51.925 0.090516 0.34865 1388.7 51.925
188 52.002 0.052004 0.28285 106.12 52.002
189 51.943 0.04418 0.34022 3468.4 51.943
190 51.898 0.083263 0.32087 104.5 51.898
191 51.922 0.053572 0.29183 158.69 51.922
192 51.881 0.036228 0.27931 872.11 51.881
193 51.999 0.083524 0.32125 100.05 51.999
194 51.903 0.05406 0.2946 775.33 51.903
195 51.921 0.035627 0.27447 370.22 51.921
196 52.01 0.081966 0.31519 248.16 52.01
197 51.891 0.052286 0.285 227.22 51.891
198 51.962 0.034803 0.26791 512.9 51.962
199 51.976 0.08164 0.31414 273.37 51.976
200 51.994 0.052528 0.28575 353.63 51.994
201 51.98 0.034714 0.26713 351.97 51.98
202 51.917 0.083575 0.32196 136.27 51.917
203 51.887 0.053477 0.29151 291.49 51.887
204 51.921 0.035641 0.27458 745.88 51.921
205 51.933 0.084393 0.32501 165.16 51.933
206 51.917 0.053129 0.28944 270.16 51.917
207 51.91 0.03553 0.27378 218.54 51.91
208 51.981 0.082237 0.31641 117.99 51.981
209 51.902 0.05316 0.2897 230.38 51.902
210 51.899 0.035504 0.27364 248.54 51.899
211 51.802 0.083353 0.32181 89.509 51.802
212 51.945 0.057325 0.31213 1766.7 51.945
213 51.885 0.03832 0.29542 2027.3 51.885
214 51.844 0.084527 0.32608 406.64 51.844
215 51.994 0.054113 0.29437 641.01 51.994
216 51.954 0.035973 0.27696 1033.5 51.954
217 51.97 0.09751 0.37526 2123.9 51.97
218 51.879 0.052537 0.28643 327.01 51.879
219 51.932 0.035025 0.26978 155.02 51.932
220 51.922 0.083886 0.32313 143.39 51.922
221 51.988 0.053579 0.2915 613.68 51.988
222 51.924 0.035435 0.27298 170.87 51.924
223 51.914 0.083042 0.31992 108.64 51.914
224 51.915 0.052945 0.28845 142.03 51.915
225 51.908 0.036903 0.28438 1760.6 51.908
226 51.923 0.083381 0.32117 89.111 51.923
227 51.909 0.053327 0.29057 115.81 51.909
228 52.002 0.059512 0.45776 7719.0 52.002
229 51.937 0.084147 0.32404 126.41 51.937
230 51.946 0.053526 0.29145 682.48 51.946
231 51.898 0.036495 0.28129 1032.1 51.898
232 51.975 0.082668 0.31811 547.39 51.975
233 51.969 0.05201 0.28306 555.59 51.969
234 51.901 0.035351 0.27245 552.44 51.901
235 51.827 0.08376 0.32323 90.72 51.827
236 51.963 0.052995 0.28846 207.08 51.963
237 51.921 0.035636 0.27455 123.46 51.921
238 52.033 0.083576 0.32124 291.38 52.033
239 51.938 0.052222 0.28438 162.71 51.938
240 51.934 0.034855 0.26846 200.69 51.934
241 51.896 0.084635 0.32617 452.7 51.896
242 51.987 0.052831 0.28743 183.0 51.987
243 51.939 0.035262 0.27156 384.41 51.939
244 51.879 0.083759 0.3229 104.57 51.879
245 51.957 0.052527 0.28595 229.19 51.957
246 51.931 0.035348 0.27227 245.39 51.931
247 51.97 0.083219 0.32026 128.53 51.97
248 51.781 0.053582 0.29268 144.37 51.781
249 51.942 0.035014 0.26964 196.24 51.942
250 51.922 0.083392 0.32122 233.35 51.922
251 51.838 0.054203 0.29574 379.14 51.838
252 51.94 0.035135 0.27058 174.47 51.94
253 51.877 0.084384 0.32532 112.2 51.877
254 51.944 0.052717 0.28706 289.18 51.944
255 51.894 0.037751 0.29099 1361.0 51.894
256 51.931 0.082646 0.31829 97.205 51.931
257 51.862 0.052628 0.28702 262.4 51.862
258 51.893 0.035247 0.27169 746.19 51.893
259 51.917 0.084127 0.32409 93.733 51.917
260 51.851 0.053533 0.29201 188.18 51.851
261 51.916 0.035578 0.27411 297.62 51.916
262 52.017 0.092307 0.35491 1655.1 52.017
263 51.968 0.053473 0.29104 696.45 51.968
264 51.947 0.035177 0.27087 419.93 51.947
265 51.847 0.082918 0.31985 106.42 51.847
266 51.803 0.053311 0.29108 474.18 51.803
267 51.956 0.035104 0.27026 348.39 51.956
268 52.036 0.13811 0.53081 4427.9 52.036
269 51.966 0.053091 0.28897 658.07 51.966
270 51.945 0.037001 0.28493 1653.5 51.945
271 51.982 0.085012 0.32708 675.09 51.982
272 51.956 0.052599 0.28634 240.59 51.956
273 51.967 0.036103 0.27789 1065.1 51.967
274 51.96 0.083754 0.32238 258.24 51.96
275 51.889 0.053341 0.29076 218.1 51.889
276 51.943 0.035468 0.27313 158.93 51.943
277 51.91 0.081851 0.31536 104.93 51.91
278 51.96 0.061041 0.33228 2571.2 51.96
279 51.969 0.035513 0.27334 793.83 51.969
280 51.803 0.083839 0.32369 117.82 51.803
281 51.928 0.05273 0.28721 136.74 51.928
282 51.947 0.036961 0.28461 1935.5 51.947
283 51.946 0.052383 0.28522 278.41 51.946
284 52.122 0.17133 1.3149 26880.0 52.122
285 51.93 0.024254 0.2642 1185.5 51.93
286 51.914 0.083672 0.32235 103.93 51.914
287 51.897 0.058802 0.32047 2020.6 51.897
288 51.923 0.038056 0.29317 1960.2 51.923
289 51.987 0.08575 0.32989 645.83 51.987
290 51.931 0.052881 0.28801 225.52 51.931
291 51.892 0.035537 0.27393 486.64 51.892
292 51.959 0.084577 0.32555 163.53 51.959
293 51.931 0.075728 0.41246 4329.1 51.931
294 51.878 0.035528 0.27393 353.5 51.878
295 51.893 0.083892 0.32333 163.81 51.893
296 51.993 0.053185 0.28933 705.31 51.993
297 51.977 0.035188 0.2708 484.05 51.977
298 51.845 0.08503 0.32801 97.86 51.845
299 51.929 0.054458 0.29662 848.87 51.929
300 51.912 0.036269 0.27947 726.32 51.912
301 51.955 0.084122 0.32383 216.86 51.955
302 51.952 0.053234 0.28982 261.03 51.952
303 51.915 0.03569 0.27499 247.72 51.915
304 51.972 0.082896 0.319 86.445 51.972
305 51.899 0.053217 0.29002 120.43 51.899
306 51.959 0.035277 0.27158 986.06 51.959
307 51.992 0.083464 0.32107 218.46 51.992
308 51.993 0.053975 0.29363 1004.1 51.993
309 51.922 0.035291 0.27188 323.09 51.922
310 51.992 0.082612 0.31779 170.77 51.992
311 51.947 0.052217 0.28431 451.41 51.947
312 51.914 0.035659 0.27475 926.81 51.914
313 51.927 0.085912 0.3309 535.2 51.927
314 51.917 0.053576 0.29188 141.36 51.917
315 51.955 0.035577 0.27391 197.79 51.955
316 51.923 0.053117 0.28935 257.0 51.923
317 51.952 0.072299 0.55666 10115.0 51.952
318 51.942 0.024612 0.26804 318.45 51.942
319 51.912 0.082712 0.31866 100.24 51.912
320 51.942 0.052633 0.28661 252.01 51.942
321 51.975 0.034719 0.2672 181.15 51.975
322 51.969 0.083883 0.32282 340.53 51.969
323 51.947 0.052627 0.28654 207.49 51.947
324 52.002 0.035918 0.27628 779.65 52.002
325 51.87 0.084888 0.32731 125.95 51.87
326 51.922 0.053142 0.28949 200.21 51.922
327 51.96 0.035614 0.27417 559.71 51.96
328 51.844 0.083198 0.32096 88.61 51.844
329 51.979 0.052853 0.2876 208.47 51.979
330 51.939 0.038871 0.29936 2598.2 51.939
331 51.925 0.083937 0.3233 89.177 51.925
332 51.926 0.056419 0.30731 1652.2 51.926
333 51.928 0.035896 0.2765 950.96 51.928
334 51.945 0.082584 0.31797 382.51 51.945
335 51.97 0.054264 0.29533 1178.1 51.97
336 51.956 0.034579 0.26622 422.54 51.956
337 51.797 0.084524 0.32637 105.84 51.797
338 51.978 0.054409 0.29607 961.62 51.978
339 51.943 0.03533 0.27207 660.18 51.943
340 51.923 0.083764 0.32265 133.5 51.923
341 51.901 0.053632 0.29228 202.21 51.901
342 51.899 0.036294 0.27973 903.58 51.899
343 51.86 0.084575 0.32617 86.837 51.86
344 51.922 0.053541 0.29166 524.53 51.922
345 51.892 0.03563 0.27465 686.98 51.892
346 51.927 0.08243 0.31748 274.35 51.927
347 51.93 0.051863 0.28248 325.14 51.93
348 51.922 0.037258 0.28703 1770.0 51.922
349 51.82 0.083859 0.32365 92.003 51.82
350 52.027 0.054752 0.29766 1300.9 52.027
351 51.907 0.03599 0.27734 1368.4 51.907
352 51.944 0.083407 0.32114 149.16 51.944
353 51.879 0.053432 0.29131 294.9 51.879
354 51.91 0.035372 0.27256 264.11 51.91
355 51.943 0.082199 0.3165 170.72 51.943
356 51.896 0.052851 0.28805 334.51 51.896
357 51.905 0.035366 0.27255 364.7 51.905
358 51.938 0.083887 0.32303 339.79 51.938
359 51.904 0.053999 0.29426 823.87 51.904
360 51.927 0.041008 0.31589 2739.8 51.927
361 51.811 0.084959 0.32796 139.82 51.811
362 51.893 0.058723 0.32007 1951.2 51.893
363 51.96 0.03564 0.27436 470.66 51.96
364 51.963 0.085694 0.32983 357.27 51.963
365 51.947 0.053518 0.2914 377.9 51.947
366 51.915 0.035803 0.27586 365.05 51.915
367 51.922 0.083336 0.32101 90.116 51.922
368 51.968 0.052929 0.28807 102.98 51.968
369 51.883 0.035309 0.27222 102.1 51.883
370 51.856 0.083908 0.32362 164.86 51.856
371 51.921 0.052926 0.28832 218.85 51.921
372 51.918 0.035592 0.27422 738.66 51.918
373 51.86 0.083405 0.32166 126.14 51.86
374 51.942 0.052764 0.28732 260.15 51.942
375 51.934 0.035393 0.2726 294.4 51.934
376 51.934 0.0848 0.32657 447.59 51.934
377 51.878 0.054368 0.29642 320.2 51.878
378 51.891 0.035692 0.27513 314.04 51.891
379 51.929 0.083094 0.32003 113.84 51.929
380 51.845 0.05243 0.28603 130.76 51.845
381 51.925 0.035261 0.27163 176.89 51.925
382 52.028 0.083015 0.31911 178.98 52.028
383 52.0 0.052356 0.28478 122.4 52.0
384 51.882 0.035006 0.26989 255.42 51.882
385 51.929 0.08459 0.32579 117.16 51.929
386 51.89 0.052918 0.28845 131.29 51.89
387 51.917 0.035461 0.27321 181.3 51.917
388 52.033 0.089877 0.34546 1244.7 52.033
389 51.974 0.054521 0.2967 514.89 51.974
390 51.912 0.03564 0.27462 343.53 51.912
<lo_statistics>
<cumulated_time> 3234.998008 </cumulated_time>
</lo_statistics>