  0.00000005990566119  0.00000006968026090  0.00000009057287616  0.00000011007341668
  0.00000012999965305  0.00000015019431255  0.00000017081238857  0.00000019130299991
  0.00000021189110509  0.00000023349811069  0.00000025578513546  0.00000027998883473
  0.00000030524987356  0.00000033229697989  0.00000036061888829  0.00000039112916102
  0.00000042361003726  0.00000045815969319  0.00000049481842746  0.00000053347027329
  0.00000057440458395  0.00000061751004225  0.00000066266373249  0.00000071041298895
  0.00000076068411853  0.00000081377665380  0.00000087263176254  0.00000093190033425
  0.00000099897424766  0.00000106681998124  0.00000114004883024  0.00000121811223964
  0.00000129961925182  0.00000138700515409  0.00000147920081984  0.00000157648502843
  0.00000168160280229  0.00000179436040199  0.00000191193589323  0.00000203896557126
  0.00000217423645824  0.00000231542828891  0.00000247286047235  0.00000263004393740
  0.00000280702291092  0.00000299710319479  0.00000319940732865  0.00000341721684900
  0.00000365019789866  0.00000390211077426  0.00000418059688575  0.00000448718346933
  0.00000482475582586  0.00000521616348087  0.00000563676370156  0.00000612896621422
  0.00000666447114059  0.00000726870059698  0.00000793564469305  0.00000870065201785
  0.00000956322114178  0.00001051969950893  0.00001156778306009  0.00001270069017070
  0.00001394883552239  0.00001535870179757  0.00001692381853908  0.00001859979340404
  0.00002047566642007  0.00002267821590106  0.00002518929304920  0.00002789467234681
  0.00003106822361870  0.00003425566134967  0.00003781605058082  0.00004157596749304
  0.00004581352726887  0.00005042228152301  0.00005552272755126  0.00006127570218193
  0.00006819194431829  0.00007664691549878  0.00008654241177518  0.00009715030842605
  0.00010861386521912  0.00012013343748982  0.00013403983558941  0.00014934004234250
  0.00016693430972285  0.00018789341367039  0.00022236895764818  0.00027240850205448
  0.00032870261213506  0.00039680854255756  0.00047002537700737  1.00000000000000000
 -0.00235217949443201  0.00966595551285170  0.02004216870418741  0.03081225742954196
  0.04155273279058763  0.05190796652756678  0.06212723041434547  0.07239471592236563
  0.08273593607417479  0.09320752778739000  0.10380992806647045  0.11459865868189806
  0.12533696677146419  0.13610404579970051  0.14677803130068134  0.15745389808949928
  0.16821501077750764  0.17894657986393059  0.18975071471783572  0.20053985060451776
  0.21134045249950942  0.22221693155181488  0.23295663855814169  0.24359146293844527
  0.25417872230028826  0.26482698862101389  0.27553029423639658  0.28623033727053765
  0.29696691203874126  0.30765408283316747  0.31812940167663167  0.32838136720455668
  0.33874063219119555  0.34901088152429427  0.35932168162127165  0.36965993637208305
  0.38009735779220505  0.39005997962840444  0.39964002156879153  0.40919542514740859
  0.41895348011528277  0.42940562627280027  0.43987851680704132  0.45039597307448542
  0.46086205249985879  0.47123917279790295  0.48154076401638862  0.49196741832218277
  0.50263638219785012  0.51344573748215261  0.52409615892696060  0.53444499327314809
  0.54464832925637119  0.55478964414790100  0.56511442482782359  0.57552873893908352
  0.58611567916167984  0.59682842313753637  0.60780328476034706  0.61864375993822907
  0.62937028152227215  0.64007066647876976  0.65084311332106515  0.66158598800260338
  0.67199726975438201  0.68230391636584897  0.69255873312952276  0.70295884438094325
  0.71363443900086054  0.72424379890395263  0.73481470239939672  0.74542311614077383
  0.75614225686085523  0.76697484919125913  0.77764620192785716  0.78828374354566155
  0.79896869916992663  0.80972548108748776  0.82047688142549025  0.83130601968235740
  0.84198698271425498  0.85252316967563013  0.86270495669139069  0.87289071948189267
  0.88329659930229043  0.89376893403177959  0.90410160214851298  0.91442852392328755
  0.92490943512056634  0.93541078030377778  0.94633612960211744  0.95711210651821899
  0.96785412520008129  0.97828140955935017  0.98913555335947534  1.00000000000000000
  0.87358928287596671  0.87434924806773495  0.87514634861994756  0.87639199162056680
  0.87781019860770126  0.87920360448968027  0.88061268426451367  0.88203778553250223
  0.88346219663351433  0.88488053147422230  0.88628445831034919  0.88768091041924069
  0.88909524608427959  0.89051720627073816  0.89193685676840262  0.89334899627826758
  0.89476447249544877  0.89618247666494388  0.89755118989437921  0.89891980849301534
  0.90027181038663384  0.90159727053801819  0.90290572759486931  0.90421908904326453
  0.90555033388529538  0.90690883197946437  0.90827138154557885  0.90963486042014563
  0.91098041844084621  0.91231474749903052  0.91363766392914325  0.91497896568582338
  0.91633449947517820  0.91767916178509001  0.91900361094331184  0.92032954215023632
  0.92167141569073363  0.92301461786236250  0.92435999198105423  0.92567724990488265
  0.92699365646804655  0.92829560971280711  0.92960776263609035  0.93093340952589076
  0.93225596774865360  0.93360334180343285  0.93494338113569830  0.93629985184335551
  0.93764786499862141  0.93899252218878682  0.94033499068915560  0.94166201896640056
  0.94298855927246505  0.94430967679984790  0.94562785749033085  0.94693875836961072
  0.94825803252920005  0.94955427484479016  0.95085002624139114  0.95213200162583789
  0.95341351433878263  0.95468317117600499  0.95594669098268958  0.95721813040282133
  0.95850728200122337  0.95980820500000918  0.96111104297449801  0.96243298581370762
  0.96376846556044204  0.96511379816240517  0.96644903386898517  0.96777001597006385
  0.96907941898408922  0.97037944195712300  0.97167979273314298  0.97298348696123604
  0.97428707753637389  0.97560332153168161  0.97692970579589433  0.97824254771077956
  0.97953987272099796  0.98082265903421251  0.98210278347886104  0.98339872634200265
  0.98471715444420427  0.98606069493537729  0.98741769411436076  0.98878545674279394
  0.99017358270330325  0.99158097144806734  0.99300010198191513  0.99442020721770297
  0.99586652390838870  0.99727792684571037  0.99863502628974921  1.00000000000000000
 -0.00283471314085680  0.01487782062490951  0.02922654203492703  0.04261984657397759
  0.05503233325881442  0.06664897726166082  0.07767766180489670  0.08825426603068597
  0.09840167923152981  0.10817103292099724  0.11763283239383239  0.12687514695519314
  0.13591912195689382  0.14479450019658435  0.15345610765806883  0.16192880287647707
  0.17024517899944255  0.17841570378326035  0.18650508986721681  0.19441991307176354
  0.20218202852584272  0.20988633371783172  0.21742464726792993  0.22503333342529128
  0.23201741446173374  0.23895003609450768  0.24582931427380522  0.25292901216883285
  0.26034391419022435  0.26779129656150774  0.27514147849187598  0.28253175449837259
  0.28995204329456803  0.29738640774532688  0.30482256715884898  0.31220222400673814
  0.31951106835586263  0.32679928422502735  0.33406856318314976  0.34130550626003087
  0.34849031293119886  0.35566138116173357  0.36272455560178951  0.36995773022778211
  0.37713017662138026  0.38436833858244651  0.39146224345134950  0.39863118683546062
  0.40580367148101748  0.41300553357053182  0.42029731942934961  0.42764261060504588
  0.43503697205309461  0.44249443408991873  0.44999903039773737  0.45750252662781599
  0.46501889153350795  0.47257277917436985  0.48014334729410463  0.48785769620090458
  0.49557811817262309  0.50337367438594127  0.51124363927070315  0.51919990980960140
  0.52733998503979385  0.53559202749835932  0.54376733618524165  0.55199191780765211
  0.56027092787640365  0.56867220828739240  0.57709141307087164  0.58554287496352309
  0.59405796678763623  0.60269997554434074  0.61164432545710479  0.62080115311534245
  0.63009774151663012  0.63948365849925271  0.64909321094810601  0.65909007897087812
  0.66941013632866675  0.68005406530525792  0.69090679525250431  0.70213915002485494
  0.71384133948379891  0.72606567604832062  0.73883439584956512  0.75219096603136415
  0.76671278101991858  0.78255771620132075  0.80006189721817800  0.81961026377140667
  0.84181489358811401  0.86788928752061556  0.90734083797711773  1.00000000000000000
   1.3844185963221020E-003  -1.0000000000000000     
 F F F F F F F F F F F F F F F F
  <DiscreteSampler_grid>
  grouped_processes
  1 # 1 for a reference and 2 for a running grid.
  10 # Attribute 'min_bin_probing_points' of the grid.
  1 # Attribute 'grid_mode' of the grid. 1=='default',2=='initialization'
  0.0000000000000000 # Attribute 'small_contrib_threshold' of the grid.
  0.5000000000000000 # Attribute 'damping_power' of the grid.
 # binID   n_entries weight   weight_sqr   abs_weight
    10   10   1.319923517073829E+008   6.456510517356290E+016   1.319923517073829E+008
    16   10   1.319923517073829E+008   6.456510517356290E+016   1.319923517073829E+008
  </DiscreteSampler_grid>
