0.55101E+02 0.33762E-02 0.00000E+01 41591140 0 0 2151772 0.39055E+05 0.00000E+01 0.55101E+02 0.00000E+01 0.00000E+01 0
1 54.868 0.10101 0.3682 106.81 54.868
2 55.091 0.065864 0.33815 127.74 55.091
3 55.083 0.044858 0.32575 158.31 55.083
4 55.084 0.10221 0.3711 119.4 55.084
5 55.218 0.065226 0.3341 140.85 55.218
6 55.115 0.044981 0.32645 145.06 55.115
7 54.951 0.093521 0.34038 124.85 54.951
8 55.145 0.06196 0.3178 169.6 55.145
9 55.006 0.042759 0.31094 219.35 55.006
10 55.16 0.097887 0.35492 120.74 55.16
11 54.986 0.06442 0.33137 407.3 54.986
12 55.039 0.044221 0.32138 585.87 55.039
13 55.188 0.10082 0.36535 119.86 55.188
14 55.061 0.066288 0.34051 137.72 55.061
15 55.156 0.045274 0.32833 676.36 55.156
16 55.107 0.095856 0.34789 278.75 55.107
17 55.125 0.06269 0.32166 248.84 55.125
18 55.175 0.043158 0.31288 451.67 55.175
19 55.062 0.095315 0.34621 108.09 55.062
20 55.118 0.062123 0.31879 292.81 55.118
21 55.087 0.043083 0.31283 306.98 55.087
22 55.128 0.095524 0.34655 148.26 55.128
23 55.052 0.06293 0.32332 156.69 55.052
24 55.107 0.042798 0.31066 219.29 55.107
25 55.041 0.10202 0.37072 344.18 55.041
26 55.035 0.066162 0.34003 314.74 55.035
27 55.114 0.044735 0.32467 277.55 55.114
28 55.183 0.15422 0.55894 4929.3 55.183
29 55.057 0.062272 0.31991 143.34 55.057
30 55.013 0.043019 0.31279 147.93 55.013
31 55.069 0.1027 0.37298 116.12 55.069
32 55.081 0.066905 0.34356 630.95 55.081
33 55.182 0.045708 0.33132 664.62 55.182
34 55.35 0.21251 0.76789 7552.4 55.35
35 55.145 0.065672 0.33684 317.18 55.145
36 55.048 0.045323 0.32934 516.15 55.048
37 55.037 0.095167 0.34583 115.49 55.037
38 55.016 0.070405 0.36196 2603.0 55.016
39 55.01 0.043203 0.31415 653.75 55.01
40 54.836 0.09631 0.35126 387.14 54.836
41 55.163 0.062331 0.31959 356.82 55.163
42 55.037 0.0433 0.3147 383.66 55.037
43 55.128 0.10092 0.36613 166.0 55.128
44 55.083 0.066009 0.33895 135.11 55.083
45 55.037 0.044991 0.32699 147.7 55.037
46 55.061 0.10287 0.37364 261.07 55.061
47 55.187 0.06632 0.3399 194.53 55.187
48 55.073 0.04524 0.32858 155.52 55.073
49 54.994 0.092788 0.33745 199.18 54.994
50 55.174 0.061438 0.31496 236.44 55.174
51 55.047 0.042472 0.30862 200.75 55.047
52 55.14 0.09602 0.34827 140.54 55.14
53 55.1 0.062105 0.3188 197.62 55.1
54 55.138 0.04318 0.31325 207.78 55.138
55 54.992 0.09565 0.34787 649.93 54.992
56 55.093 0.061954 0.31807 201.89 55.093
57 55.14 0.042596 0.309 158.31 55.14
58 54.951 0.091942 0.33463 143.7 54.951
59 55.13 0.061666 0.31638 152.34 55.13
60 55.058 0.042781 0.31081 222.3 55.058
61 55.131 0.10184 0.36946 112.69 55.131
62 55.122 0.06632 0.3403 225.0 55.122
63 55.113 0.045125 0.32751 224.65 55.113
64 55.123 0.093596 0.33959 122.86 55.123
65 55.139 0.061965 0.31786 644.46 55.139
66 55.119 0.043048 0.3124 660.26 55.119
67 55.167 0.10014 0.36303 136.2 55.167
68 55.052 0.066795 0.34318 365.14 55.052
69 55.144 0.04535 0.32896 212.78 55.144
70 55.047 0.10236 0.37189 105.78 55.047
71 55.146 0.067013 0.34371 165.87 55.146
72 55.077 0.045401 0.32973 174.25 55.077
73 54.989 0.1025 0.3728 146.31 54.989
74 55.146 0.066257 0.33983 295.23 55.146
75 55.128 0.044851 0.32544 279.2 55.128
76 55.133 0.10057 0.36483 170.25 55.133
77 55.159 0.065999 0.33843 414.46 55.159
78 55.128 0.045051 0.32688 238.03 55.128
79 55.183 0.093396 0.33849 109.7 55.183
80 55.112 0.062865 0.32263 955.21 55.112
81 55.121 0.04601 0.33388 1924.9 55.121
82 55.129 0.094831 0.34403 121.49 55.129
83 55.075 0.081148 0.41675 4192.7 55.075
84 55.068 0.042981 0.3122 405.38 55.068
85 55.188 0.1004 0.36385 122.17 55.188
86 54.973 0.066155 0.34037 126.5 54.973
87 55.109 0.045231 0.3283 157.4 55.109
88 55.124 0.094872 0.34421 105.8 55.124
89 55.08 0.065962 0.33872 1665.2 55.08
90 55.138 0.042939 0.31151 145.96 55.138
91 54.989 0.093619 0.3405 269.15 54.989
92 55.134 0.061948 0.3178 310.18 55.134
93 55.057 0.042885 0.31157 325.57 55.057
94 54.996 0.09346 0.33988 108.75 54.996
95 55.126 0.061806 0.31712 129.96 55.126
96 55.074 0.043004 0.31233 883.32 55.074
97 55.027 0.10232 0.3719 108.08 55.027
98 55.12 0.066567 0.34159 150.47 55.12
99 55.05 0.045952 0.33389 867.7 55.05
100 55.129 0.10222 0.37085 136.79 55.129
101 55.176 0.066207 0.33939 145.05 55.176
102 55.168 0.059063 0.42824 6110.5 55.168
103 55.107 0.10021 0.36369 225.25 55.107
104 55.075 0.065838 0.33812 219.6 55.075
105 55.059 0.044975 0.32674 282.26 55.059
106 54.964 0.096739 0.352 597.61 54.964
107 55.079 0.063693 0.32707 374.47 55.079
108 55.076 0.043104 0.31305 270.97 55.076
109 55.09 0.10049 0.36481 727.61 55.09
110 55.144 0.067614 0.3468 1252.0 55.144
111 55.108 0.044996 0.3266 610.0 55.108
112 54.967 0.099281 0.36124 117.57 54.967
113 55.194 0.065264 0.33445 136.75 55.194
114 55.114 0.044787 0.32505 175.78 55.114
115 55.288 0.099367 0.35945 166.82 55.288
116 55.142 0.065467 0.3358 136.32 55.142
117 55.088 0.045121 0.32763 444.47 55.088
118 54.837 0.09586 0.34962 138.05 54.837
119 55.091 0.062226 0.31947 157.63 55.091
120 55.128 0.042575 0.30892 153.31 55.128
121 54.944 0.099946 0.36381 111.78 54.944
122 55.029 0.065713 0.33775 140.45 55.029
123 55.055 0.044486 0.32322 155.91 55.055
124 55.305 0.10089 0.36484 142.33 55.305
125 55.121 0.06697 0.34364 137.54 55.121
126 55.141 0.045845 0.33257 204.05 55.141
127 55.099 0.093833 0.3406 130.31 55.099
128 55.04 0.062492 0.32114 121.68 55.04
129 55.091 0.042669 0.3098 179.59 55.091
130 55.1 0.093491 0.33935 126.99 55.1
131 55.089 0.062059 0.31863 496.36 55.089
132 55.139 0.044226 0.32083 2004.6 55.139
133 55.005 0.095193 0.34613 103.64 55.005
134 55.109 0.062654 0.32157 127.85 55.109
135 55.079 0.045229 0.32846 2218.8 55.079
136 55.133 0.11612 0.42123 2723.0 55.133
137 55.03 0.062468 0.32108 347.53 55.03
138 55.08 0.042616 0.30948 247.87 55.08
139 55.302 0.094888 0.34316 111.18 55.302
140 55.021 0.069089 0.35516 2328.6 55.021
141 55.188 0.042971 0.31145 1108.6 55.188
142 54.931 0.094743 0.34495 109.34 54.931
143 55.123 0.062533 0.32086 141.02 55.123
144 55.097 0.042821 0.31088 160.96 55.097
145 55.109 0.09435 0.34242 118.84 55.109
146 55.121 0.062243 0.31939 219.77 55.121
147 55.081 0.04292 0.31169 806.64 55.081
148 55.157 0.10111 0.36662 297.72 55.157
149 54.992 0.066086 0.33991 197.6 54.992
150 55.1 0.045579 0.33089 1340.6 55.1
151 55.152 0.10102 0.36632 159.11 55.152
152 55.134 0.066711 0.34223 202.65 55.134
153 55.1 0.044904 0.32599 496.54 55.1
154 55.102 0.095423 0.34635 109.15 55.102
155 55.067 0.064145 0.32947 475.51 55.067
156 55.098 0.043502 0.31582 315.04 55.098
157 55.081 0.1001 0.36345 1381.6 55.081
158 55.136 0.079744 0.40908 4036.8 55.136
159 55.108 0.042806 0.31071 520.31 55.108
160 55.158 0.094829 0.34385 170.49 55.158
161 55.179 0.061626 0.31589 179.26 55.179
162 55.078 0.046789 0.3398 2382.5 55.078
163 55.223 0.095173 0.34469 165.82 55.223
164 55.076 0.062473 0.32083 133.96 55.076
165 55.139 0.042708 0.30982 152.04 55.139
166 55.015 0.093472 0.3398 184.27 55.015
167 55.121 0.061512 0.31564 192.42 55.121
168 55.067 0.042212 0.30662 170.26 55.067
169 55.15 0.093151 0.33781 142.67 55.15
170 55.183 0.062208 0.31885 257.34 55.183
171 55.12 0.042836 0.31086 266.29 55.12
172 55.135 0.094405 0.34245 102.85 55.135
173 55.121 0.062258 0.31946 170.54 55.121
174 55.085 0.042927 0.31172 166.31 55.085
175 55.137 0.098884 0.35868 1126.6 55.137
176 55.143 0.062034 0.31819 312.43 55.143
177 55.088 0.042914 0.3116 407.3 55.088
178 54.956 0.096873 0.35255 815.22 54.956
179 55.123 0.06211 0.3187 137.72 55.123
180 55.054 0.04329 0.31453 873.39 55.054
181 55.2 0.10156 0.36795 131.12 55.2
182 55.08 0.066602 0.34201 131.4 55.08
183 55.158 0.045014 0.32643 160.22 55.158
184 55.005 0.10213 0.37133 106.6 55.005
185 55.056 0.068027 0.34948 891.46 55.056
186 55.155 0.04575 0.33179 678.91 55.155
187 55.249 0.092828 0.33603 117.04 55.249
188 55.178 0.061297 0.31421 127.48 55.178
189 55.046 0.042604 0.30958 172.1 55.046
190 55.109 0.10152 0.36844 917.74 55.109
191 55.118 0.065693 0.33711 212.04 55.118
192 55.069 0.045188 0.32823 748.72 55.069
193 55.182 0.095068 0.34456 264.04 55.182
194 55.113 0.063045 0.32355 248.99 55.113
195 55.135 0.043093 0.31264 280.27 55.135
196 55.203 0.099164 0.35927 118.05 55.203
197 55.044 0.065946 0.33886 144.63 55.044
198 55.141 0.045066 0.32692 735.63 55.141
199 55.19 0.093309 0.33813 334.39 55.19
200 55.169 0.062246 0.31912 174.26 55.169
201 55.131 0.042476 0.30818 252.81 55.131
202 55.17 0.10136 0.36744 343.19 55.17
203 55.09 0.066689 0.34239 272.42 55.09
204 55.074 0.045068 0.32732 392.16 55.074
205 55.072 0.10265 0.3728 124.17 55.072
206 55.107 0.066547 0.34156 166.57 55.107
207 55.066 0.045642 0.33154 348.19 55.066
208 55.051 0.09997 0.36319 372.34 55.051
209 55.1 0.065564 0.33656 238.69 55.1
210 55.097 0.044737 0.32479 214.38 55.097
211 55.071 0.10084 0.36623 127.72 55.071
212 55.094 0.065799 0.3378 320.3 55.094
213 55.057 0.045349 0.32946 773.34 55.057
214 54.988 0.10159 0.36951 178.81 54.988
215 55.161 0.066078 0.33882 339.68 55.161
216 55.09 0.045453 0.33003 1113.9 55.09
217 55.191 0.1185 0.42942 2949.6 55.191
218 55.003 0.062764 0.32275 607.71 55.003
219 55.121 0.043184 0.31338 986.12 55.121
220 55.059 0.10121 0.36763 121.82 55.059
221 55.213 0.066498 0.34065 552.55 55.213
222 55.081 0.045116 0.32763 377.16 55.081
223 55.093 0.1005 0.36483 167.03 55.093
224 55.1 0.065951 0.33855 139.49 55.1
225 55.072 0.045128 0.32777 936.06 55.072
226 54.948 0.10104 0.36777 368.07 54.948
227 55.117 0.06612 0.33931 244.37 55.117
228 55.164 0.044853 0.32523 617.82 55.164
229 55.066 0.10241 0.37194 221.9 55.066
230 55.074 0.066623 0.34216 137.78 55.074
231 55.064 0.047067 0.3419 1538.0 55.064
232 55.218 0.094897 0.34372 166.57 55.218
233 55.185 0.062138 0.31848 284.76 55.185
234 55.065 0.043022 0.31252 253.68 55.065
235 54.972 0.098126 0.35701 108.77 54.972
236 55.188 0.064419 0.33015 295.27 55.188
237 55.121 0.044876 0.32566 742.99 55.121
238 55.183 0.096156 0.3485 183.87 55.183
239 55.136 0.063063 0.32351 143.13 55.136
240 55.091 0.043179 0.31351 431.82 55.091
241 55.043 0.10273 0.37328 295.68 55.043
242 55.153 0.06731 0.34519 632.46 55.153
243 55.116 0.045543 0.33052 217.84 55.116
244 55.02 0.094445 0.34331 131.26 55.02
245 55.146 0.061781 0.31687 167.78 55.146
246 55.124 0.042609 0.30918 216.19 55.124
247 55.178 0.094252 0.34163 112.06 55.178
248 54.928 0.062941 0.3241 571.89 54.928
249 55.097 0.042636 0.30954 253.91 55.097
250 55.188 0.10079 0.36527 198.18 55.188
251 55.046 0.067145 0.34501 327.77 55.046
252 55.121 0.044975 0.32637 158.19 55.121
253 55.158 0.094174 0.34147 176.06 55.158
254 55.13 0.061704 0.31657 378.9 55.13
255 55.063 0.043311 0.31462 688.3 55.063
256 55.214 0.095057 0.34432 124.13 55.214
257 55.068 0.065834 0.33814 1591.0 55.068
258 55.04 0.043138 0.3135 152.79 55.04
259 55.1 0.10184 0.36967 119.55 55.1
260 54.995 0.066536 0.3422 170.36 54.995
261 55.088 0.045373 0.32946 199.0 55.088
262 55.153 0.10286 0.37299 919.56 55.153
263 55.121 0.066111 0.33924 118.76 55.121
264 55.103 0.045066 0.32714 288.37 55.103
265 55.044 0.10205 0.37079 118.65 55.044
266 54.995 0.067414 0.34672 422.49 54.995
267 55.112 0.045513 0.33033 355.45 55.112
268 55.162 0.099999 0.36257 1321.9 55.162
269 55.169 0.062516 0.32051 136.62 55.169
270 55.125 0.042903 0.31131 340.82 55.125
271 55.202 0.10227 0.37053 171.81 55.202
272 55.149 0.066709 0.34213 196.32 55.149
273 55.14 0.045408 0.3294 684.32 55.14
274 55.134 0.10069 0.36525 150.13 55.134
275 55.001 0.06664 0.34269 143.94 55.001
276 55.101 0.045557 0.33072 149.08 55.101
277 55.131 0.10056 0.3648 158.08 55.131
278 55.104 0.067518 0.34656 1152.0 55.104
279 55.161 0.045551 0.33031 873.03 55.161
280 54.968 0.10256 0.37316 378.17 54.968
281 55.079 0.066335 0.34065 451.37 55.079
282 55.112 0.045212 0.32815 861.43 55.112
283 54.979 0.095584 0.34771 760.61 54.979
284 55.15 0.062082 0.3184 368.52 55.15
285 55.159 0.042657 0.30934 195.43 55.159
286 55.124 0.092995 0.3374 128.05 55.124
287 55.133 0.10263 0.52649 6443.0 55.133
288 55.111 0.043779 0.31775 1027.9 55.111
289 55.146 0.10282 0.37291 916.24 55.146
290 55.144 0.066025 0.33865 207.4 55.144
291 55.088 0.045026 0.32694 489.96 55.088
292 55.074 0.092874 0.33727 181.61 55.074
293 55.05 0.062442 0.32083 174.81 55.05
294 55.09 0.042554 0.30897 151.53 55.09
295 55.016 0.095637 0.34767 221.61 55.016
296 55.202 0.062526 0.32037 266.52 55.202
297 55.154 0.043005 0.31189 207.96 55.154
298 55.067 0.095369 0.34638 123.45 55.067
299 55.091 0.065092 0.33419 1427.9 55.091
300 55.069 0.044054 0.31999 1026.4 55.069
301 54.984 0.094779 0.34475 121.26 54.984
302 55.148 0.063095 0.3236 710.43 55.148
303 55.18 0.043114 0.31253 459.44 55.18
304 55.151 0.101 0.36628 112.15 55.151
305 55.09 0.066895 0.34345 133.61 55.09
306 55.134 0.045693 0.3315 1390.5 55.134
307 55.121 0.094901 0.34434 126.59 55.121
308 55.17 0.062651 0.32119 208.96 55.17
309 55.103 0.043026 0.31233 161.87 55.103
310 55.165 0.099661 0.36132 138.7 55.165
311 55.163 0.065181 0.33421 290.96 55.163
312 55.043 0.044963 0.32675 385.03 55.043
313 55.095 0.094129 0.3417 122.75 55.095
314 55.091 0.062265 0.31967 123.27 55.091
315 55.118 0.042675 0.3097 188.29 55.118
316 55.056 0.10202 0.37061 115.51 55.056
317 55.068 0.066208 0.34006 174.52 55.068
318 55.045 0.045062 0.32746 171.85 55.045
319 55.137 0.094444 0.34258 322.28 55.137
320 55.091 0.062091 0.31878 318.05 55.091
321 55.125 0.042511 0.30847 256.89 55.125
322 55.157 0.093738 0.33989 305.15 55.157
323 55.1 0.062035 0.31844 175.6 55.1
324 55.151 0.042599 0.30896 223.69 55.151
325 55.205 0.099738 0.36133 112.79 55.205
326 55.159 0.067529 0.34627 1317.3 55.159
327 55.134 0.044989 0.3264 772.34 55.134
328 54.998 0.10077 0.36644 143.55 54.998
329 55.167 0.066036 0.33857 315.37 55.167
330 55.124 0.045176 0.32781 534.05 55.124
331 55.148 0.094356 0.34219 115.88 55.148
332 55.003 0.062584 0.32182 722.51 55.003
333 55.055 0.042884 0.31158 478.64 55.055
334 55.145 0.094011 0.34096 159.86 55.145
335 55.146 0.062304 0.31956 468.6 55.146
336 55.105 0.0423 0.30705 414.79 55.105
337 55.001 0.10149 0.36905 194.71 55.001
338 55.159 0.065804 0.33743 122.97 55.159
339 55.077 0.045502 0.33046 1142.3 55.077
340 55.058 0.094491 0.34324 118.32 55.058
341 55.221 0.075165 0.385 3474.9 55.221
342 55.112 0.042877 0.3112 495.47 55.112
343 55.165 0.094208 0.34155 122.48 55.165
344 55.218 0.061799 0.31655 194.7 55.218
345 55.056 0.04334 0.31488 965.13 55.056
346 55.072 0.061459 0.31565 143.06 55.072
347 55.161 0.091133 0.66085 12943.0 55.161
348 55.079 0.031064 0.31904 1628.3 55.079
349 54.952 0.10136 0.36892 125.62 54.952
350 55.213 0.066011 0.33816 131.14 55.213
351 55.097 0.050672 0.36788 3626.6 55.097
352 55.134 0.092805 0.33666 113.3 55.134
353 55.098 0.062187 0.31924 146.78 55.098
354 55.037 0.042712 0.31043 210.43 55.037
355 55.037 0.099093 0.36009 112.9 55.037
356 55.112 0.065642 0.33688 568.88 55.112
357 55.072 0.044849 0.32575 361.98 55.072
358 55.036 0.063184 0.32472 160.71 55.036
359 55.145 0.10701 0.77624 15728.0 55.145
360 55.094 0.03055 0.31367 1802.5 55.094
361 54.973 0.102 0.3711 127.88 54.973
362 55.106 0.066851 0.34313 273.99 55.106
363 55.083 0.045509 0.33048 390.94 55.083
364 55.24 0.094636 0.34264 370.93 55.24
365 55.075 0.062452 0.32073 365.15 55.075
366 55.103 0.043001 0.31215 476.71 55.103
367 55.111 0.10137 0.36788 122.34 55.111
368 55.179 0.066223 0.33945 137.6 55.179
369 55.03 0.045174 0.32836 193.94 55.03
370 55.089 0.094336 0.34248 150.86 55.089
371 55.202 0.1529 0.78343 11228.0 55.202
372 55.088 0.043515 0.31597 1324.8 55.088
373 55.025 0.1022 0.37147 135.57 55.025
374 55.091 0.066403 0.34092 174.55 55.091
375 55.145 0.046445 0.33689 1245.2 55.145
376 55.117 0.10163 0.36878 133.42 55.117
377 55.062 0.067537 0.34692 278.93 55.062
378 55.046 0.045595 0.33132 284.58 55.046
379 55.087 0.094307 0.34239 114.72 55.087
380 54.959 0.062071 0.31945 140.84 54.959
381 55.141 0.042428 0.30778 149.05 55.141
382 55.158 0.097893 0.35496 1320.8 55.158
383 55.268 0.062324 0.31895 632.92 55.268
384 55.089 0.042405 0.3079 199.01 55.089
385 55.145 0.1026 0.37211 147.09 55.145
386 55.091 0.066314 0.34046 119.52 55.091
387 55.099 0.045285 0.32876 157.92 55.099
388 55.163 0.094669 0.34323 659.47 55.163
389 55.144 0.062465 0.3204 284.17 55.144
390 55.079 0.042865 0.31129 269.68 55.079
<lo_statistics>
<cumulated_time> 1554.8815670000001 </cumulated_time>
</lo_statistics>