  0.00000058891048367  0.00000080212196809  0.00000097792227120  0.00000115100762275
  0.00000132738245244  0.00000150744410767  0.00000169132150320  0.00000187716219071
  0.00000206095435568  0.00000224541463145  0.00000243841399603  0.00000264255211265
  0.00000285755030539  0.00000308387709412  0.00000332043638315  0.00000356920286457
  0.00000383049330589  0.00000410901370379  0.00000440785112135  0.00000472352061339
  0.00000505877838535  0.00000541140950097  0.00000578215233419  0.00000617064526805
  0.00000657420967236  0.00000699802889298  0.00000744098133392  0.00000791121718884
  0.00000840881769329  0.00000893623210548  0.00000949966622315  0.00001008856112581
  0.00001070814583228  0.00001136263056662  0.00001205124168383  0.00001279188068259
  0.00001356403572056  0.00001437323963436  0.00001523787652661  0.00001614380277270
  0.00001712458217514  0.00001815123096267  0.00001923429070489  0.00002040427362334
  0.00002160015842498  0.00002291997482231  0.00002426997477637  0.00002572480961090
  0.00002727575859022  0.00002893938509302  0.00003073950422875  0.00003266835820359
  0.00003470041297128  0.00003685330941870  0.00003916964901227  0.00004171609336517
  0.00004462584761145  0.00004774852124770  0.00005121849275631  0.00005502877456875
  0.00005934545418251  0.00006426759118658  0.00006975278339058  0.00007587780547491
  0.00008273360744564  0.00009051067045185  0.00009906491373188  0.00010867152335960
  0.00011942390746238  0.00013132742036458  0.00014442986279118  0.00015853551880338
  0.00017412416538552  0.00019229030020216  0.00021330414414055  0.00023705520343178
  0.00026334431132292  0.00029250565615962  0.00032334234548502  0.00035874206820541
  0.00039925390693818  0.00044694723950709  0.00050334711810817  0.00056525187990590
  0.00063098083853702  0.00071041130364226  0.00079039808517139  0.00087790795322135
  0.00098562739600898  0.00112895633413020  0.00133700301702364  0.00159539097030031
  0.00187264559485271  0.00238654098173645  0.00374640857641779  1.00000000000000000
 -0.00233866707067924  0.00963933004743772  0.02001812568660486  0.03076168942830940
  0.04141304550502629  0.05166738286936502  0.06166745826600103  0.07185735934209803
  0.08212743608310652  0.09265012363954390  0.10326531005653486  0.11414012001755512
  0.12505593438389381  0.13589565377890755  0.14666426261195659  0.15738569790525703
  0.16822770908550169  0.17907000952534763  0.18995796373059226  0.20088383086587655
  0.21182888025062854  0.22281223968011202  0.23351693644094312  0.24397418419099973
  0.25436430640160268  0.26491751096655530  0.27559639270697972  0.28628998420922552
  0.29700509631989946  0.30768844466093886  0.31818105917925338  0.32842946068994028
  0.33871100797339343  0.34899347045020307  0.35933225628300364  0.36980338574131588
  0.38025098280320679  0.39068066874445045  0.40101296365957689  0.41132138824985126
  0.42159609558569311  0.43190891742363624  0.44234050264353808  0.45290392614766478
  0.46339279734027705  0.47377845447272193  0.48405797460255873  0.49442044124255480
  0.50499766977972471  0.51561386406625076  0.52600616201557748  0.53608720371302687
  0.54608405119405501  0.55617700242528234  0.56657085413638308  0.57696587333476290
  0.58763311113879846  0.59842190542569629  0.60944133367423681  0.62028401777741560
  0.63106835704012365  0.64181633322426168  0.65256058226003288  0.66325295030937315
  0.67369945560496636  0.68403756679725480  0.69427445570993518  0.70465637239841594
  0.71525317623421514  0.72569176725624696  0.73622190974556279  0.74676623517199658
  0.75747343763584307  0.76823294405723630  0.77877182494997077  0.78926087119273314
  0.79974481531317831  0.81035866084912345  0.82100047909566154  0.83170356686130564
  0.84225971296266666  0.85274427493144955  0.86300932063405922  0.87331310402957385
  0.88378903323916291  0.89428255488341746  0.90456702553710810  0.91493517891643483
  0.92535960767011860  0.93582058807425517  0.94660932210200432  0.95731668276845316
  0.96799040154006410  0.97840286260778375  0.98920771571410759  1.00000000000000000
  0.87360764974104799  0.87428531503818796  0.87504098851412737  0.87618344979538332
  0.87753214754652809  0.87888396000531543  0.88023519415249962  0.88159945681724006
  0.88296485236169275  0.88432496315497644  0.88567931662524235  0.88702749319874874
  0.88839137745440055  0.88976082291727510  0.89111753889302836  0.89246060830685059
  0.89381074565463425  0.89516672860965296  0.89649636606156435  0.89780267232287592
  0.89909456908018226  0.90037485525829231  0.90163092640230869  0.90288596368933982
  0.90414983556915363  0.90545632400493103  0.90675828808525116  0.90805846749365615
  0.90934485109679852  0.91062304428616392  0.91190389322629428  0.91319423977148861
  0.91451295810522371  0.91582757479399168  0.91712342266988833  0.91839641535492211
  0.91967175620837505  0.92095586743610203  0.92225416174832153  0.92355836293499882
  0.92483693324334026  0.92610992651671276  0.92737089231929748  0.92865398486895046
  0.92993630571745578  0.93123383345749366  0.93254437574774618  0.93386094214438842
  0.93517682117591838  0.93648738255606190  0.93780137205252867  0.93911316425908609
  0.94042245076248321  0.94171694563348052  0.94301102282402827  0.94429782318262157
  0.94558835100518523  0.94686762681979697  0.94814426874203905  0.94941891887253105
  0.95070639754134456  0.95198287272112192  0.95324829349318374  0.95450562148474427
  0.95577467822530149  0.95706727610075093  0.95836904294134606  0.95968781664629765
  0.96102854141233651  0.96240009379069269  0.96379132070725881  0.96516265591145189
  0.96651171565805327  0.96785112403356477  0.96919091659446954  0.97053363501754286
  0.97187497110662224  0.97321527506240790  0.97456942045368256  0.97592990741424790
  0.97727938258317903  0.97861639620567786  0.97995327083493133  0.98130302321711649
  0.98267485962251866  0.98406474012108980  0.98547212066844680  0.98689999787924365
  0.98837593689049807  0.98989905714260740  0.99144113247974375  0.99297988681135096
  0.99453605446350413  0.99616796014521014  0.99798138195915287  1.00000000000000000
 -0.00201379107363506  0.00939153022434075  0.01900397863409380  0.02871389916625482
  0.03811702086712415  0.04728034179964438  0.05623416374743631  0.06508649102423113
  0.07369128875241816  0.08215813285524776  0.09032859401641236  0.09841643443355766
  0.10643598028469771  0.11436925288029678  0.12220669320350515  0.12994707849431242
  0.13757870154866997  0.14514233269026380  0.15256205113777085  0.15987939635003198
  0.16712328649451078  0.17426972763971757  0.18134216687166801  0.18834790725473380
  0.19528817661646816  0.20219816038856256  0.20908528119565623  0.21596338712589497
  0.22290508366594236  0.22985127740651248  0.23686017337931475  0.24378496843089603
  0.25079980021433224  0.25783418999734420  0.26493826291257527  0.27210462306454525
  0.27929346400208777  0.28647897498817448  0.29360887594418567  0.30067768984377768
  0.30772097201809845  0.31475137414847265  0.32179209366463529  0.32889173015641426
  0.33600437382548304  0.34310929314508221  0.35022104944996729  0.35724811908798254
  0.36428654401984290  0.37132903753000412  0.37840081131370623  0.38548913240163779
  0.39261920980056908  0.39985285036756124  0.40723036876102037  0.41468336981202575
  0.42223115906423980  0.42976034992220041  0.43732529841535295  0.44503791366736101
  0.45288142293484551  0.46082652693398629  0.46884060085047002  0.47692021976640919
  0.48511396779800869  0.49338702773211845  0.50172731781021063  0.51010742069891724
  0.51856191453427725  0.52720592229948005  0.53604109771618214  0.54494190938990672
  0.55395909256923026  0.56314545994282517  0.57254968548872820  0.58212970495105343
  0.59194681509701941  0.60205570980832634  0.61239277235277345  0.62290673120259188
  0.63373493599872854  0.64503516734876820  0.65676622326177980  0.66885524021462595
  0.68135399522186002  0.69444031399061312  0.70823308172522170  0.72277029088788469
  0.73847672626387939  0.75572556587762751  0.77503582437585739  0.79695760511281333
  0.82178206808602783  0.85114664044073851  0.89406451053283742  1.00000000000000000
   1.2702476844968235E-003  -1.0000000000000000     
 F F F F F F F F F F F F F F F F
  <DiscreteSampler_grid>
  grouped_processes
  1 # 1 for a reference and 2 for a running grid.
  10 # Attribute 'min_bin_probing_points' of the grid.
  1 # Attribute 'grid_mode' of the grid. 1=='default',2=='initialization'
  0.0000000000000000 # Attribute 'small_contrib_threshold' of the grid.
  0.5000000000000000 # Attribute 'damping_power' of the grid.
 # binID   n_entries weight   weight_sqr   abs_weight
    10   10   1.320030472027965E+008   6.458882182687185E+016   1.320030472027965E+008
    16   10   1.320030472027965E+008   6.458882182687185E+016   1.320030472027965E+008
  </DiscreteSampler_grid>
