  0.00000005963813484  0.00000007102757845  0.00000009261156014  0.00000011306760933
  0.00000013400114892  0.00000015521755244  0.00000017680418746  0.00000019823835345
  0.00000022008900291  0.00000024295344596  0.00000026667379103  0.00000029262453015
  0.00000031952108030  0.00000034887393925  0.00000037921050836  0.00000041303463995
  0.00000044780626494  0.00000048649808541  0.00000052626489847  0.00000056946479631
  0.00000061431330116  0.00000066205308490  0.00000071270496462  0.00000076618723408
  0.00000082351379989  0.00000088503423839  0.00000095059615149  0.00000102111015791
  0.00000109504061482  0.00000117396958427  0.00000125920110180  0.00000134792598373
  0.00000144644199808  0.00000154804529860  0.00000165895393533  0.00000177833770266
  0.00000190500854984  0.00000204461830751  0.00000219168276515  0.00000235191513380
  0.00000252504212508  0.00000270741538480  0.00000290882368304  0.00000312490854548
  0.00000335943036315  0.00000361224905754  0.00000388294336900  0.00000418246830956
  0.00000450611234939  0.00000486036580105  0.00000525169754884  0.00000567626261618
  0.00000616260964224  0.00000668244257819  0.00000726495060954  0.00000789405721622
  0.00000861387167380  0.00000940617470381  0.00001029259561906  0.00001125391637531
  0.00001233734705152  0.00001348300635725  0.00001474880726678  0.00001609627706752
  0.00001761106037840  0.00001926056577365  0.00002111634940100  0.00002316788921378
  0.00002544326756159  0.00002791876883350  0.00003069880979977  0.00003365318777023
  0.00003678584241649  0.00004010638999739  0.00004382588139529  0.00004801560531166
  0.00005273180735024  0.00005787686077433  0.00006379779428691  0.00007094865668881
  0.00007965420158756  0.00008877648297403  0.00009872337508866  0.00011008751671313
  0.00012264144380468  0.00013643926472630  0.00015070573384414  0.00016721673152535
  0.00018766138313145  0.00021434450325351  0.00024913543031252  0.00029189252781394
  0.00035374691227166  0.00041649800118130  0.00047950618815283  1.00000000000000000
 -0.00235831840184431  0.00982302181049725  0.02025257011798474  0.03110781379578866
  0.04179793293581140  0.05209499501495050  0.06229173521001961  0.07255682046022598
  0.08296405953384466  0.09347027864098655  0.10409367657067634  0.11488894530470245
  0.12561041413242369  0.13632331116420857  0.14691740625092881  0.15749360482370103
  0.16818986163487390  0.17885924902324726  0.18965440836199082  0.20039812563534246
  0.21119007629764561  0.22198568793434356  0.23260446379637484  0.24308180492452597
  0.25356335165439203  0.26418914983966058  0.27489150686298391  0.28558878757274703
  0.29631150255239358  0.30697371771375026  0.31743513681291935  0.32773316921731271
  0.33820046656851610  0.34861710572025389  0.35903088250328130  0.36938392469658593
  0.37982402907166413  0.38969956458749067  0.39923311927308003  0.40877399724942304
  0.41859434608529900  0.42910989719248532  0.43959716979373414  0.45005363238022456
  0.46047210394914134  0.47086692076758652  0.48123625871637105  0.49171441079468159
  0.50236987341649697  0.51319677108224926  0.52389898756883102  0.53429643595079601
  0.54456772207169024  0.55482354523840349  0.56523181416560053  0.57569808051051219
  0.58628305865520858  0.59699520111523985  0.60790826629606476  0.61865036701770770
  0.62930621885968563  0.63993966946751968  0.65078666762056003  0.66157258599026159
  0.67207732901206230  0.68249528698439832  0.69291632581846652  0.70344003479474704
  0.71410414545852219  0.72465475867583518  0.73522749113238284  0.74583704185826438
  0.75654538431713458  0.76741076745339309  0.77818358464518744  0.78894481850060716
  0.79964850953698374  0.81038569327364451  0.82113606803815165  0.83197680762656390
  0.84264196708659556  0.85317029160893842  0.86347011663601236  0.87366863407609896
  0.88403979943306066  0.89439471141577276  0.90463647594985985  0.91489981698646328
  0.92528355630665549  0.93581385662561256  0.94674194002997725  0.95745600044035717
  0.96812342282740327  0.97850521058350659  0.98926397975025038  1.00000000000000000
  0.87360053466069221  0.87430393539258244  0.87510487751745647  0.87632291000446372
  0.87772519561325968  0.87912534864039127  0.88052297923914291  0.88193220357219571
  0.88334798666829950  0.88476460309891125  0.88617004675846978  0.88756588679752424
  0.88897577138217632  0.89038538817235591  0.89179204241774468  0.89319366260788502
  0.89460432276988677  0.89602016288840158  0.89739990659331348  0.89876641658161616
  0.90011799429548300  0.90144636692298741  0.90275943068078413  0.90407564509898897
  0.90541157726509669  0.90677274472662051  0.90813593696093997  0.90949423687962150
  0.91083297089066062  0.91216563195887501  0.91349615663407557  0.91484373180716594
  0.91620497787482769  0.91755517648117124  0.91888768624869743  0.92021747309332913
  0.92156601537398675  0.92291863949766373  0.92427866550950222  0.92561372158991917
  0.92693741995695056  0.92824808734106756  0.92956585355249965  0.93089449469287633
  0.93222639506330518  0.93357341609144406  0.93491886274173364  0.93627250323884714
  0.93762152913614139  0.93895793111287973  0.94029439630245315  0.94162249105980078
  0.94295651814155323  0.94428543384710839  0.94561120021595879  0.94692776550272784
  0.94825421435647139  0.94955509504553726  0.95085629381855374  0.95214264635233259
  0.95343164522445056  0.95471320310443297  0.95599316693213943  0.95728146310617490
  0.95858360157411771  0.95989094755200222  0.96120432776583753  0.96252963363639554
  0.96386858217801263  0.96521006668624942  0.96653749669979339  0.96785603249643193
  0.96916764711833314  0.97046724852103139  0.97175779553718122  0.97304671387900454
  0.97433856547006947  0.97564659606032844  0.97696461794741973  0.97827375098963332
  0.97957141754787957  0.98085610328330530  0.98213880194908665  0.98343339270087937
  0.98475075735385498  0.98609486875002217  0.98745273806662481  0.98882274525749880
  0.99020758589124502  0.99160701026873843  0.99301797537090353  0.99443486740904474
  0.99588868037733425  0.99730180482893704  0.99864995802943479  1.00000000000000000
 -0.00283788284756163  0.01480498694446548  0.02911577833177164  0.04248556363160266
  0.05488360371270114  0.06648665574851477  0.07751015982865156  0.08806177329205507
  0.09816344652982742  0.10789024573332642  0.11732302300350581  0.12653004012947208
  0.13554396718706316  0.14438823259325353  0.15302444646531418  0.16144518846893680
  0.16971148373565062  0.17785590639020588  0.18594249237470911  0.19389403248126666
  0.20169334358177854  0.20940298475510202  0.21695050712366962  0.22460043105941710
  0.23160520605025425  0.23853599569416303  0.24543254526620856  0.25249613523351278
  0.25992058328130285  0.26734209024273153  0.27467398815362765  0.28202569238455344
  0.28943477300787779  0.29687686030607624  0.30431317511099482  0.31166963910584838
  0.31894434127461102  0.32620748072081651  0.33345466120909834  0.34069174565695648
  0.34791538549722700  0.35516099601748696  0.36233237084316811  0.36958571860350975
  0.37680957237175167  0.38405357362523201  0.39123200566319227  0.39844924185143804
  0.40568458317338335  0.41294512378031828  0.42026214307562798  0.42759334278145367
  0.43494427636315336  0.44232645106851110  0.44974800285817568  0.45718233179778439
  0.46466340790815952  0.47224271274148094  0.47983752165025917  0.48754502768746605
  0.49526361909502453  0.50303211915603685  0.51090917618866283  0.51887736028563447
  0.52699610570480937  0.53521056339933959  0.54338484404051468  0.55164990396687730
  0.55997520350615659  0.56838758225640595  0.57682310284631177  0.58530063297313406
  0.59388860409999167  0.60260807898594204  0.61161680639542704  0.62079381309799475
  0.63012386237041407  0.63956295575894928  0.64923820524715714  0.65923997266169099
  0.66954612006537106  0.68012478170496815  0.69100779110676325  0.70221743298996875
  0.71390747804616705  0.72607518797578841  0.73889298629790934  0.75230504729289072
  0.76686755484959601  0.78268433352465061  0.80008887306836640  0.81944672613915703
  0.84155488090999819  0.86766453461279314  0.90724355805481549  1.00000000000000000
   1.4144687794522260E-003  -1.0000000000000000     
 F F F F F F F F F F F F F F F F
  <DiscreteSampler_grid>
  grouped_processes
  1 # 1 for a reference and 2 for a running grid.
  10 # Attribute 'min_bin_probing_points' of the grid.
  1 # Attribute 'grid_mode' of the grid. 1=='default',2=='initialization'
  0.0000000000000000 # Attribute 'small_contrib_threshold' of the grid.
  0.5000000000000000 # Attribute 'damping_power' of the grid.
 # binID   n_entries weight   weight_sqr   abs_weight
    10   10   1.346389304336804E+008   6.678100374299054E+016   1.346389304336804E+008
    16   10   1.346389304336804E+008   6.678100374299055E+016   1.346389304336804E+008
  </DiscreteSampler_grid>
