0.56466E+02 0.30240E-02 0.00000E+01 41591140 0 0 2127001 0.37668E+05 0.00000E+01 0.56466E+02 0.00000E+01 0.00000E+01 0
1 56.282 0.088514 0.31454 125.1 56.282
2 56.406 0.05666 0.28412 115.47 56.406
3 56.423 0.038203 0.27083 145.98 56.423
4 56.438 0.090973 0.32238 123.77 56.438
5 56.573 0.056675 0.28335 128.61 56.573
6 56.468 0.040222 0.28492 1775.9 56.468
7 56.298 0.092149 0.32736 161.66 56.298
8 56.518 0.058873 0.29463 267.62 56.518
9 56.398 0.039538 0.28042 227.0 56.398
10 56.467 0.089272 0.31619 511.81 56.467
11 56.423 0.056604 0.28375 472.7 56.423
12 56.403 0.038786 0.27506 846.64 56.403
13 56.536 0.090644 0.32066 104.68 56.536
14 56.411 0.060374 0.30271 1136.0 56.411
15 56.528 0.045847 0.32442 2579.1 56.528
16 56.482 0.085525 0.30284 203.14 56.482
17 56.505 0.054776 0.27419 245.2 56.505
18 56.526 0.03845 0.27209 1204.3 56.526
19 56.369 0.084042 0.29818 328.5 56.369
20 56.484 0.053839 0.2696 295.62 56.484
21 56.457 0.036969 0.26193 306.86 56.457
22 56.509 0.08401 0.29734 152.29 56.509
23 56.438 0.054468 0.27297 216.0 56.438
24 56.487 0.036468 0.25824 272.37 56.487
25 56.393 0.09616 0.34104 1282.6 56.393
26 56.43 0.059401 0.29774 790.24 56.43
27 56.466 0.039506 0.27986 820.84 56.466
28 56.525 0.090752 0.3211 129.62 56.525
29 56.433 0.058493 0.29317 150.66 56.433
30 56.382 0.0393 0.27881 135.35 56.382
31 56.397 0.09296 0.32966 144.27 56.397
32 56.49 0.060083 0.30083 843.42 56.49
33 56.561 0.042072 0.29753 1771.2 56.561
34 56.814 0.26361 0.92798 9930.7 56.814
35 56.551 0.061385 0.30702 1216.8 56.551
36 56.418 0.039467 0.27981 445.57 56.418
37 56.497 0.094254 0.33366 705.02 56.497
38 56.38 0.060914 0.30559 869.72 56.38
39 56.397 0.040496 0.28722 886.41 56.397
40 56.271 0.099541 0.35379 1029.3 56.271
41 56.527 0.059542 0.29793 220.37 56.527
42 56.449 0.040692 0.28835 608.46 56.449
43 56.452 0.089728 0.31789 192.52 56.452
44 56.423 0.057334 0.28741 118.28 56.423
45 56.426 0.043917 0.31133 3366.8 56.426
46 56.472 0.10305 0.36496 1829.3 56.472
47 56.571 0.059869 0.29933 795.65 56.571
48 56.481 0.040684 0.28813 1087.7 56.481
49 56.424 0.093292 0.33068 295.64 56.424
50 56.531 0.059239 0.29639 303.51 56.531
51 56.426 0.039923 0.28301 185.81 56.426
52 56.472 0.084879 0.3006 177.59 56.472
53 56.477 0.054591 0.2734 621.72 56.477
54 56.444 0.037125 0.26309 403.24 56.444
55 56.363 0.09483 0.3365 711.79 56.363
56 56.398 0.059131 0.29655 232.04 56.398
57 56.453 0.039693 0.28125 297.48 56.453
58 56.308 0.092595 0.32889 137.18 56.308
59 56.505 0.059087 0.29576 176.52 56.505
60 56.45 0.0397 0.28131 217.18 56.45
61 56.433 0.091775 0.32525 124.05 56.433
62 56.453 0.059058 0.29589 372.19 56.453
63 56.471 0.039649 0.28084 377.73 56.471
64 56.514 0.092466 0.32724 106.59 56.514
65 56.537 0.066702 0.3337 2191.3 56.537
66 56.44 0.04042 0.28647 672.95 56.44
67 56.594 0.090372 0.31937 241.31 56.594
68 56.404 0.060139 0.30157 550.1 56.404
69 56.518 0.039945 0.28271 406.42 56.518
70 56.442 0.092039 0.32613 178.95 56.442
71 56.518 0.059313 0.29683 202.42 56.518
72 56.407 0.039784 0.28212 223.56 56.407
73 56.358 0.096378 0.34202 988.68 56.358
74 56.498 0.059114 0.29594 394.31 56.498
75 56.496 0.039647 0.28071 433.46 56.496
76 56.591 0.094147 0.33273 962.64 56.591
77 56.539 0.058393 0.29212 264.18 56.539
78 56.49 0.03995 0.28288 702.13 56.49
79 56.525 0.082628 0.29236 103.25 56.525
80 56.466 0.068707 0.34416 3508.5 56.466
81 56.53 0.057647 0.4079 4725.9 56.53
82 56.556 0.093004 0.32889 138.56 56.556
83 56.436 0.060419 0.3028 854.76 56.436
84 56.45 0.040504 0.28701 913.21 56.45
85 56.548 0.088183 0.31189 160.91 56.548
86 56.433 0.058468 0.29304 1047.7 56.433
87 56.503 0.05756 0.40748 6871.5 56.503
88 56.456 0.084882 0.3007 228.3 56.456
89 56.476 0.078667 0.39398 4593.1 56.476
90 56.457 0.037027 0.26234 496.8 56.457
91 56.352 0.082986 0.29453 265.55 56.352
92 56.448 0.054398 0.27257 597.4 56.448
93 56.451 0.036905 0.2615 420.83 56.451
94 56.391 0.083788 0.29717 131.82 56.391
95 56.459 0.054647 0.27376 773.8 56.459
96 56.453 0.03706 0.26259 761.1 56.453
97 56.409 0.092344 0.32741 135.01 56.409
98 56.458 0.059237 0.29676 144.98 56.458
99 56.439 0.042925 0.30422 2397.9 56.439
100 56.491 0.092223 0.3265 221.03 56.491
101 56.503 0.058293 0.2918 221.36 56.503
102 56.524 0.060699 0.42954 7440.8 56.524
103 56.447 0.089488 0.31707 209.7 56.447
104 56.477 0.059482 0.29789 957.74 56.477
105 56.437 0.039255 0.27822 251.56 56.437
106 56.318 0.087305 0.31004 1083.9 56.318
107 56.467 0.055577 0.27838 570.13 56.467
108 56.48 0.041819 0.29617 3132.5 56.48
109 56.5 0.090606 0.32073 624.93 56.5
110 56.515 0.061796 0.30927 1589.3 56.515
111 56.439 0.039458 0.27965 568.53 56.439
112 56.405 0.088059 0.31224 357.71 56.405
113 56.546 0.056534 0.28278 218.06 56.546
114 56.493 0.03861 0.27338 330.13 56.493
115 56.625 0.089229 0.31515 377.01 56.625
116 56.483 0.057287 0.28687 174.04 56.483
117 56.466 0.046288 0.3279 2980.6 56.466
118 56.245 0.093209 0.33144 118.85 56.245
119 56.387 0.059151 0.2967 145.88 56.387
120 56.478 0.03914 0.2772 139.23 56.478
121 56.394 0.087809 0.31141 123.9 56.394
122 56.387 0.056879 0.28531 238.09 56.387
123 56.458 0.037836 0.26807 148.71 56.458
124 56.618 0.092396 0.32638 813.93 56.618
125 56.51 0.05913 0.29596 517.84 56.51
126 56.501 0.040082 0.28376 568.29 56.501
127 56.473 0.082467 0.29206 116.16 56.473
128 56.397 0.053762 0.26962 141.61 56.397
129 56.43 0.036355 0.2577 189.36 56.43
130 56.465 0.091875 0.32542 154.64 56.465
131 56.482 0.06485 0.32475 2239.5 56.482
132 56.496 0.041401 0.29312 1076.1 56.496
133 56.38 0.093881 0.33303 153.64 56.38
134 56.483 0.059362 0.29726 115.18 56.483
135 56.461 0.046003 0.32591 3659.0 56.461
136 57.382 1.0606 3.6967 42310.0 57.382
137 56.376 0.060383 0.30295 250.89 56.376
138 56.464 0.040512 0.287 443.18 56.464
139 56.604 0.093643 0.33087 290.49 56.604
140 56.383 0.062131 0.31168 1118.4 56.383
141 56.551 0.041048 0.29034 1285.3 56.551
142 56.336 0.083763 0.29737 130.65 56.336
143 56.464 0.053972 0.27036 156.98 56.464
144 56.438 0.036511 0.25876 147.79 56.438
145 56.4 0.092716 0.32878 110.1 56.4
146 56.469 0.059301 0.29703 211.95 56.469
147 56.456 0.040599 0.28765 1357.2 56.456
148 56.543 0.094952 0.33586 1160.7 56.543
149 56.435 0.059038 0.29589 579.59 56.435
150 56.461 0.039098 0.27699 238.71 56.461
151 56.508 0.091993 0.32559 261.76 56.508
152 56.475 0.059945 0.30022 328.57 56.475
153 56.48 0.039611 0.28053 371.46 56.48
154 56.455 0.083735 0.29664 186.2 56.455
155 56.404 0.055372 0.27767 350.96 56.404
156 56.451 0.037229 0.2638 251.77 56.451
157 56.655 0.18081 0.63828 6282.0 56.655
158 56.549 0.085461 0.42745 4103.6 56.549
159 56.496 0.040057 0.28361 754.89 56.496
160 56.537 0.092731 0.32804 284.4 56.537
161 56.551 0.058739 0.29379 316.41 56.551
162 56.411 0.040504 0.28721 1251.2 56.411
163 56.521 0.084362 0.29851 219.69 56.521
164 56.41 0.054047 0.27099 119.04 56.41
165 56.474 0.036433 0.25805 192.81 56.474
166 56.299 0.094205 0.33466 207.95 56.299
167 56.516 0.059357 0.29706 184.67 56.516
168 56.434 0.039657 0.28109 175.68 56.434
169 56.519 0.08196 0.29002 158.56 56.519
170 56.526 0.053573 0.26807 193.1 56.526
171 56.475 0.036735 0.26018 336.46 56.475
172 56.551 0.091391 0.32322 124.91 56.551
173 56.517 0.058389 0.29221 129.88 56.517
174 56.42 0.039746 0.28179 148.95 56.42
175 56.518 0.094659 0.33497 786.26 56.518
176 56.542 0.05954 0.29784 520.61 56.542
177 56.463 0.039842 0.28226 482.3 56.463
178 56.399 0.093092 0.33012 343.94 56.399
179 56.533 0.072632 0.36339 3326.5 56.533
180 56.414 0.039858 0.28261 659.92 56.414
181 56.524 0.091964 0.3254 121.41 56.524
182 56.422 0.059341 0.29747 125.8 56.422
183 56.488 0.039504 0.27973 142.06 56.488
184 56.339 0.092504 0.32838 100.14 56.339
185 56.456 0.061752 0.30937 929.96 56.456
186 56.503 0.039809 0.28182 320.68 56.503
187 56.505 0.091201 0.32281 102.42 56.505
188 56.477 0.058369 0.29232 119.73 56.477
189 56.422 0.049063 0.34783 4373.1 56.422
190 56.47 0.087692 0.31058 122.06 56.47
191 56.476 0.057729 0.28912 559.35 56.476
192 56.414 0.039628 0.28098 1153.2 56.414
193 56.521 0.093288 0.3301 129.25 56.521
194 56.451 0.060893 0.3051 941.06 56.451
195 56.485 0.040283 0.28527 622.67 56.485
196 56.583 0.088018 0.31111 505.39 56.583
197 56.412 0.057077 0.28618 287.8 56.412
198 56.497 0.038633 0.27352 589.17 56.497
199 56.561 0.091755 0.32444 271.65 56.561
200 56.514 0.059293 0.29675 210.2 56.514
201 56.576 0.070489 0.49837 9420.8 56.576
202 56.456 0.091481 0.32408 271.23 56.456
203 56.416 0.059479 0.2982 507.41 56.416
204 56.455 0.039467 0.27963 624.07 56.455
205 56.448 0.092858 0.32901 191.06 56.448
206 56.483 0.058797 0.29443 200.87 56.483
207 56.445 0.039801 0.28205 346.96 56.445
208 56.447 0.089146 0.31585 383.21 56.447
209 56.462 0.057418 0.28763 235.37 56.462
210 56.441 0.038725 0.27445 163.79 56.441
211 56.36 0.091093 0.32325 234.76 56.36
212 56.496 0.066421 0.33253 2340.4 56.496
213 56.435 0.041023 0.29076 1170.0 56.435
214 56.383 0.092504 0.32813 438.05 56.383
215 56.504 0.058801 0.29434 473.07 56.504
216 56.483 0.039749 0.2815 770.64 56.483
217 56.581 0.16474 0.58231 5482.2 56.581
218 56.409 0.059632 0.299 493.57 56.409
219 56.471 0.039954 0.28301 288.85 56.471
220 56.494 0.090694 0.32107 215.65 56.494
221 56.525 0.060006 0.30026 1113.4 56.525
222 56.473 0.039881 0.28248 549.18 56.473
223 56.454 0.058261 0.2919 519.3 56.454
224 56.509 0.08428 0.59658 12014.0 56.509
225 56.487 0.03198 0.32026 3593.8 56.487
226 56.364 0.09102 0.32297 247.57 56.364
227 56.53 0.061576 0.30809 1405.8 56.53
228 56.522 0.039128 0.27691 685.77 56.522
229 56.451 0.09278 0.32871 389.62 56.451
230 56.41 0.059349 0.29758 351.43 56.41
231 56.432 0.041048 0.29095 943.73 56.432
232 56.535 0.10006 0.35398 1521.0 56.535
233 56.541 0.062901 0.31466 1874.9 56.541
234 56.442 0.040962 0.29029 877.59 56.442
235 56.304 0.087256 0.30995 99.87 56.304
236 56.53 0.056809 0.28424 825.17 56.53
237 56.464 0.038702 0.27417 954.86 56.464
238 56.571 0.086498 0.30581 303.62 56.571
239 56.451 0.054697 0.27406 308.6 56.451
240 56.491 0.036972 0.26179 259.07 56.491
241 56.462 0.096716 0.34259 934.57 56.462
242 56.516 0.059592 0.29823 457.16 56.516
243 56.484 0.039679 0.28099 362.07 56.484
244 56.37 0.092644 0.3287 146.85 56.37
245 56.48 0.058291 0.29191 180.84 56.48
246 56.48 0.03939 0.27897 181.72 56.48
247 56.522 0.083247 0.29457 145.05 56.522
248 56.353 0.055058 0.27634 758.93 56.353
249 56.486 0.036251 0.25671 234.49 56.486
250 56.479 0.090787 0.32149 304.59 56.479
251 56.38 0.05959 0.29895 276.79 56.38
252 56.49 0.039116 0.27698 172.17 56.49
253 56.435 0.092225 0.32684 268.19 56.435
254 56.475 0.058863 0.2948 609.17 56.475
255 56.422 0.04049 0.28705 679.34 56.422
256 56.504 0.084619 0.29952 286.27 56.504
257 56.423 0.054842 0.27492 414.8 56.423
258 56.442 0.036922 0.26166 342.69 56.442
259 56.432 0.091878 0.32562 123.35 56.432
260 56.38 0.059015 0.29606 195.36 56.38
261 56.449 0.039534 0.28014 183.37 56.449
262 56.56 0.1113 0.39357 2581.3 56.56
263 56.495 0.05869 0.29383 713.61 56.495
264 56.478 0.039229 0.27784 445.65 56.478
265 56.389 0.09234 0.32751 134.14 56.389
266 56.368 0.060961 0.30589 1048.9 56.368
267 56.486 0.04009 0.28389 671.04 56.486
268 56.722 0.22994 0.81077 8472.9 56.722
269 56.512 0.054587 0.27321 818.98 56.512
270 56.512 0.038307 0.27114 1096.8 56.512
271 56.555 0.095632 0.33819 1109.0 56.555
272 56.513 0.058891 0.29475 397.99 56.513
273 56.508 0.040157 0.28425 1308.8 56.508
274 56.563 0.11148 0.39417 2496.1 56.563
275 56.427 0.064692 0.32427 1744.2 56.427
276 56.463 0.03974 0.28153 564.23 56.463
277 56.461 0.089944 0.3186 145.89 56.461
278 56.558 0.084455 0.42235 4861.8 56.558
279 56.542 0.041415 0.29298 1741.2 56.542
280 56.348 0.096166 0.34133 1067.5 56.348
281 56.476 0.05856 0.29328 188.75 56.476
282 56.487 0.042527 0.30114 2651.8 56.487
283 56.34 0.091293 0.32408 254.83 56.34
284 56.483 0.058055 0.29071 353.54 56.483
285 56.495 0.039109 0.2769 261.51 56.495
286 56.444 0.091781 0.32521 98.785 56.444
287 56.459 0.072422 0.36281 2972.7 56.459
288 56.465 0.042406 0.30041 1891.0 56.465
289 56.517 0.096999 0.34325 1085.1 56.517
290 56.495 0.059133 0.29605 494.37 56.495
291 56.44 0.039924 0.28295 800.72 56.44
292 56.476 0.092439 0.32736 229.77 56.476
293 56.421 0.06012 0.30139 546.57 56.421
294 56.455 0.039946 0.28302 569.09 56.455
295 56.398 0.085177 0.30205 391.0 56.398
296 56.563 0.05428 0.27142 349.42 56.563
297 56.504 0.036726 0.25999 333.4 56.504
298 56.41 0.083905 0.29748 99.621 56.41
299 56.467 0.057527 0.28815 1429.0 56.467
300 56.437 0.038802 0.27501 1441.7 56.437
301 56.391 0.093668 0.33221 110.81 56.391
302 56.503 0.061246 0.30659 959.76 56.503
303 56.465 0.040686 0.28822 454.51 56.465
304 56.534 0.090908 0.3216 126.22 56.534
305 56.413 0.059396 0.2978 184.63 56.413
306 56.496 0.040174 0.28444 1433.2 56.496
307 56.495 0.084046 0.29754 305.81 56.495
308 56.516 0.054379 0.27215 253.61 56.516
309 56.458 0.036803 0.26075 227.02 56.458
310 56.512 0.0894 0.31639 405.24 56.512
311 56.503 0.058215 0.29141 849.88 56.503
312 56.438 0.039678 0.28121 586.88 56.438
313 56.454 0.081257 0.28787 104.37 56.454
314 56.447 0.05362 0.26867 130.64 56.447
315 56.45 0.036605 0.25938 186.49 56.45
316 56.418 0.09192 0.32585 103.0 56.418
317 56.424 0.058748 0.29449 159.4 56.424
318 56.415 0.039433 0.27959 169.55 56.415
319 56.483 0.094189 0.33351 525.89 56.483
320 56.407 0.05881 0.29489 345.94 56.407
321 56.487 0.038912 0.27555 309.02 56.487
322 56.474 0.094113 0.3333 569.83 56.474
323 56.457 0.058821 0.29469 171.71 56.457
324 56.54 0.039587 0.28006 495.67 56.54
325 56.56 0.08931 0.3158 99.193 56.56
326 56.61 0.078269 0.39106 3735.6 56.61
327 56.488 0.03957 0.2802 801.08 56.488
328 56.445 0.090509 0.32069 262.67 56.445
329 56.531 0.057928 0.28983 266.88 56.531
330 56.464 0.039945 0.28298 933.86 56.464
331 56.449 0.091651 0.32472 97.603 56.449
332 56.47 0.07089 0.35507 3314.4 56.47
333 56.456 0.040774 0.28889 1814.6 56.456
334 56.445 0.094277 0.33405 546.22 56.445
335 56.501 0.061387 0.3073 1209.1 56.501
336 56.477 0.039349 0.27869 413.92 56.477
337 56.352 0.091464 0.32462 121.58 56.352
338 56.487 0.057899 0.28991 128.6 56.487
339 56.465 0.040639 0.28789 1792.8 56.465
340 56.351 0.084091 0.29846 99.648 56.351
341 56.598 0.079605 0.39782 4751.7 56.598
342 56.458 0.038078 0.26978 1726.9 56.458
343 56.481 0.09251 0.32758 216.84 56.481
344 56.598 0.058511 0.2924 240.19 56.598
345 56.449 0.039814 0.28212 292.9 56.449
346 56.446 0.096132 0.34061 1257.9 56.446
347 56.489 0.067085 0.3359 2817.2 56.489
348 56.436 0.04159 0.29478 1309.1 56.436
349 56.33 0.090291 0.32058 114.27 56.33
350 56.558 0.058499 0.29255 942.25 56.558
351 56.46 0.042134 0.2985 2110.5 56.46
352 56.463 0.092447 0.32746 112.55 56.463
353 56.4 0.059981 0.3008 360.77 56.4
354 56.434 0.039855 0.28249 324.17 56.434
355 56.486 0.089461 0.31675 240.21 56.486
356 56.425 0.058162 0.29155 368.05 56.425
357 56.472 0.052057 0.36873 5576.3 56.472
358 56.405 0.054649 0.27403 123.75 56.405
359 56.713 0.30149 2.1264 47931.0 56.713
360 56.472 0.043002 0.43076 10983.0 56.472
361 56.334 0.091733 0.32567 107.8 56.334
362 56.482 0.059439 0.29765 406.13 56.482
363 56.434 0.039852 0.28247 351.1 56.434
364 56.538 0.085304 0.30176 504.56 56.538
365 56.451 0.053754 0.26933 281.62 56.451
366 56.464 0.036891 0.26134 387.14 56.464
367 56.487 0.090654 0.32097 169.96 56.487
368 56.517 0.058048 0.2905 134.62 56.517
369 56.403 0.039185 0.2779 220.31 56.403
370 56.376 0.092518 0.32822 183.06 56.376
371 56.446 0.060987 0.3056 1264.2 56.446
372 56.473 0.042925 0.30404 2596.2 56.473
373 56.412 0.090462 0.32072 316.93 56.412
374 56.48 0.05795 0.2902 362.59 56.48
375 56.479 0.039224 0.27779 559.83 56.479
376 56.495 0.092655 0.32801 277.07 56.495
377 56.436 0.061194 0.30669 678.99 56.436
378 56.433 0.040405 0.28639 661.15 56.433
379 56.411 0.082916 0.29397 146.3 56.411
380 56.335 0.053463 0.26842 162.58 56.335
381 56.493 0.036152 0.25597 176.14 56.493
382 56.548 0.097951 0.34644 1435.5 56.548
383 56.587 0.061622 0.30801 921.03 56.587
384 56.482 0.039786 0.28176 740.46 56.482
385 56.438 0.092599 0.32815 152.69 56.438
386 56.453 0.059015 0.29568 531.21 56.453
387 56.435 0.039687 0.28129 135.27 56.435
388 56.539 0.090687 0.32079 1395.9 56.539
389 56.499 0.055133 0.276 445.29 56.499
390 56.45 0.036831 0.26099 429.76 56.45
<lo_statistics>
<cumulated_time> 3273.9564880000003 </cumulated_time>
</lo_statistics>